xof 0303txt 0032
template ColorRGBA {
 <35ff44e0-6c7c-11cf-8f52-0040333594a3>
 FLOAT red;
 FLOAT green;
 FLOAT blue;
 FLOAT alpha;
}

template ColorRGB {
 <d3e16e81-7835-11cf-8f52-0040333594a3>
 FLOAT red;
 FLOAT green;
 FLOAT blue;
}

template Material {
 <3d82ab4d-62da-11cf-ab39-0020af71e433>
 ColorRGBA faceColor;
 FLOAT power;
 ColorRGB specularColor;
 ColorRGB emissiveColor;
 [...]
}

template TextureFilename {
 <a42790e1-7810-11cf-8f52-0040333594a3>
 STRING filename;
}

template Frame {
 <3d82ab46-62da-11cf-ab39-0020af71e433>
 [...]
}

template Matrix4x4 {
 <f6f23f45-7686-11cf-8f52-0040333594a3>
 array FLOAT matrix[16];
}

template FrameTransformMatrix {
 <f6f23f41-7686-11cf-8f52-0040333594a3>
 Matrix4x4 frameMatrix;
}

template Vector {
 <3d82ab5e-62da-11cf-ab39-0020af71e433>
 FLOAT x;
 FLOAT y;
 FLOAT z;
}

template MeshFace {
 <3d82ab5f-62da-11cf-ab39-0020af71e433>
 DWORD nFaceVertexIndices;
 array DWORD faceVertexIndices[nFaceVertexIndices];
}

template Mesh {
 <3d82ab44-62da-11cf-ab39-0020af71e433>
 DWORD nVertices;
 array Vector vertices[nVertices];
 DWORD nFaces;
 array MeshFace faces[nFaces];
 [...]
}

template MeshMaterialList {
 <f6f23f42-7686-11cf-8f52-0040333594a3>
 DWORD nMaterials;
 DWORD nFaceIndexes;
 array DWORD faceIndexes[nFaceIndexes];
 [Material <3d82ab4d-62da-11cf-ab39-0020af71e433>]
}

template VertexElement {
 <f752461c-1e23-48f6-b9f8-8350850f336f>
 DWORD Type;
 DWORD Method;
 DWORD Usage;
 DWORD UsageIndex;
}

template DeclData {
 <bf22e553-292c-4781-9fea-62bd554bdd93>
 DWORD nElements;
 array VertexElement Elements[nElements];
 DWORD nDWords;
 array DWORD data[nDWords];
}

template XSkinMeshHeader {
 <3cf169ce-ff7c-44ab-93c0-f78f62d172e2>
 WORD nMaxSkinWeightsPerVertex;
 WORD nMaxSkinWeightsPerFace;
 WORD nBones;
}

template SkinWeights {
 <6f0d123b-bad2-4167-a0d0-80224f25fabb>
 STRING transformNodeName;
 DWORD nWeights;
 array DWORD vertexIndices[nWeights];
 array FLOAT weights[nWeights];
 Matrix4x4 matrixOffset;
}

template AnimTicksPerSecond {
 <9e415a43-7ba6-4a73-8743-b73d47e88476>
 DWORD AnimTicksPerSecond;
}

template Animation {
 <3d82ab4f-62da-11cf-ab39-0020af71e433>
 [...]
}

template AnimationSet {
 <3d82ab50-62da-11cf-ab39-0020af71e433>
 [Animation <3d82ab4f-62da-11cf-ab39-0020af71e433>]
}

template FloatKeys {
 <10dd46a9-775b-11cf-8f52-0040333594a3>
 DWORD nValues;
 array FLOAT values[nValues];
}

template TimedFloatKeys {
 <f406b180-7b3b-11cf-8f52-0040333594a3>
 DWORD time;
 FloatKeys tfkeys;
}

template AnimationKey {
 <10dd46a8-775b-11cf-8f52-0040333594a3>
 DWORD keyType;
 DWORD nKeys;
 array TimedFloatKeys keys[nKeys];
}


Material Material__98 {
 1.000000;1.000000;1.000000;1.000000;;
 10.000000;
 0.000000;0.000000;0.000000;;
 0.000000;0.000000;0.000000;;

 TextureFilename {
  "Body.tga";
 }
}

Material Material__97 {
 1.000000;1.000000;1.000000;1.000000;;
 10.000000;
 0.000000;0.000000;0.000000;;
 0.000000;0.000000;0.000000;;

 TextureFilename {
  "Body.tga";
 }
}

Material Material__103 {
 1.000000;1.000000;1.000000;1.000000;;
 10.000000;
 0.000000;0.000000;0.000000;;
 0.000000;0.000000;0.000000;;

 TextureFilename {
  "Head.tga";
 }
}

Material Material__95 {
 1.000000;1.000000;1.000000;1.000000;;
 10.000000;
 0.000000;0.000000;0.000000;;
 0.000000;0.000000;0.000000;;

 TextureFilename {
  "Body.tga";
 }
}

Material Material__96 {
 1.000000;1.000000;1.000000;1.000000;;
 10.000000;
 0.000000;0.000000;0.000000;;
 0.000000;0.000000;0.000000;;

 TextureFilename {
  "Body.tga";
 }
}

Material Material__99 {
 1.000000;1.000000;1.000000;1.000000;;
 10.000000;
 0.000000;0.000000;0.000000;;
 0.000000;0.000000;0.000000;;

 TextureFilename {
  "Body.tga";
 }
}

Material Material__100 {
 1.000000;1.000000;1.000000;1.000000;;
 10.000000;
 0.000000;0.000000;0.000000;;
 0.000000;0.000000;0.000000;;

 TextureFilename {
  "Body.tga";
 }
}

Frame SceneRoot {
 

 FrameTransformMatrix {
  1.000000,0.000000,0.000000,0.000000,0.000000,1.000000,0.000000,0.000000,0.000000,0.000000,1.000000,0.000000,0.000000,0.000000,0.000000,1.000000;;
 }

 Frame b_Root {
  

  FrameTransformMatrix {
   1.000000,0.000000,0.000000,0.000000,0.000000,1.000000,0.000000,0.000000,0.000000,0.000000,1.000000,0.000000,0.000000,0.000000,0.000000,1.000000;;
  }

  Frame b_IK_Hand_Root {
   

   FrameTransformMatrix {
    1.000000,0.000000,0.000000,0.000000,0.000000,1.000000,0.000000,0.000000,0.000000,0.000000,1.000000,0.000000,0.000000,0.000000,0.000000,1.000000;;
   }

   Frame b_IK_Gun {
    

    FrameTransformMatrix {
     -0.077689,-0.989544,0.121516,0.000000,-0.211441,-0.102758,-0.971974,0.000000,0.974298,-0.101205,-0.201248,0.000000,-15.648635,51.977405,11.328371,1.000000;;
    }

    Frame b_IK_Hand_R {
     

     FrameTransformMatrix {
      1.000000,0.000000,0.000000,0.000000,0.000000,1.000000,0.000001,0.000000,0.000000,-0.000001,1.000000,0.000000,0.000000,0.000000,0.000000,1.000000;;
     }
    }

    Frame b_IK_Hand_L {
     

     FrameTransformMatrix {
      0.984763,0.116735,0.128894,0.000000,-0.008062,-0.709758,0.704400,0.000000,0.173712,-0.694707,-0.698002,0.000000,-5.331234,14.047886,31.026048,1.000000;;
     }
    }
   }
  }

  Frame b_IK_Foot_Root {
   

   FrameTransformMatrix {
    1.000000,0.000000,0.000000,0.000000,0.000000,1.000000,0.000000,0.000000,0.000000,0.000000,1.000000,0.000000,0.000000,0.000000,0.000000,1.000000;;
   }

   Frame b_IK_Foot_L {
    

    FrameTransformMatrix {
     0.015990,-0.999865,-0.003697,0.000000,-0.798252,-0.014992,0.602138,0.000000,-0.602112,-0.006677,-0.798384,0.000000,9.005115,9.694849,-12.706685,1.000000;;
    }
   }

   Frame b_IK_Foot_R {
    

    FrameTransformMatrix {
     0.020964,-0.999773,0.003846,0.000000,-0.535546,-0.007981,0.844468,0.000000,-0.844246,-0.019763,-0.535592,0.000000,-3.987013,9.647302,7.270959,1.000000;;
    }
   }
  }

  Frame b_Hips {
   

   FrameTransformMatrix {
    0.120039,0.985714,-0.118144,0.000000,0.586221,-0.166420,-0.792874,0.000000,-0.801209,0.025917,-0.597824,0.000000,-2.028606,51.883587,0.963758,1.000000;;
   }

   Frame b_LeftLegUpper {
    

    FrameTransformMatrix {
     -0.879370,0.452757,0.147378,0.000000,-0.443075,-0.891450,0.094884,0.000000,0.174340,0.018139,0.984518,0.000000,-0.000004,5.307254,0.000010,1.000000;;
    }

    Frame b_LeftLeg {
     

     FrameTransformMatrix {
      0.930386,-0.000000,-0.366582,0.000000,0.000000,1.000000,-0.000000,0.000000,0.366582,0.000000,0.930386,0.000000,21.711664,-0.000004,-0.000007,1.000000;;
     }

     Frame b_LeftAnkle {
      

      FrameTransformMatrix {
       0.949526,0.272874,0.154728,0.000000,-0.293085,0.947542,0.127534,0.000000,-0.111810,-0.166445,0.979691,0.000000,22.168419,0.000004,0.000003,1.000000;;
      }

      Frame b_LeftToe {
       

       FrameTransformMatrix {
        0.000000,-0.000000,1.000000,0.000000,0.000000,1.000000,0.000000,0.000000,-1.000000,0.000000,0.000000,0.000000,8.427059,0.000005,7.089826,1.000000;;
       }
      }
     }
    }

    Frame b_LeftLegUpperRoll {
     

     FrameTransformMatrix {
      1.000000,-0.000001,-0.000001,0.000000,0.000000,0.998846,-0.048023,0.000000,0.000001,0.048023,0.998847,0.000000,0.000000,0.000000,0.000000,1.000000;;
     }
    }
   }

   Frame b_RightLegUpper {
    

    FrameTransformMatrix {
     -0.985604,0.133944,0.103172,0.000000,-0.139680,-0.988908,-0.050505,0.000000,0.095263,-0.064189,0.993380,0.000000,-0.000004,-5.307253,-0.000004,1.000000;;
    }

    Frame b_RightLeg {
     

     FrameTransformMatrix {
      0.937221,-0.000001,-0.348736,0.000000,0.000001,1.000000,0.000000,0.000000,0.348736,-0.000000,0.937221,0.000000,21.711661,0.000001,-0.000003,1.000000;;
     }

     Frame b_RightAnkle {
      

      FrameTransformMatrix {
       0.978310,-0.034035,0.204334,0.000000,0.038207,0.999134,-0.016506,0.000000,-0.203595,0.023955,0.978762,0.000000,22.168430,0.000003,-0.000003,1.000000;;
      }

      Frame b_RightToe {
       

       FrameTransformMatrix {
        -0.000000,0.000000,1.000000,0.000000,-0.000000,1.000000,-0.000000,0.000000,-1.000000,-0.000000,-0.000000,0.000000,8.427054,-0.000001,7.089826,1.000000;;
       }
      }
     }
    }

    Frame b_RightLegUpperRoll {
     

     FrameTransformMatrix {
      1.000000,-0.000001,0.000000,0.000000,0.000001,0.999677,0.025396,0.000000,-0.000000,-0.025396,0.999678,0.000000,0.000000,0.000000,0.000000,1.000000;;
     }
    }
   }

   Frame b_Spine {
    

    FrameTransformMatrix {
     0.995870,-0.090655,0.004936,0.000000,0.090743,0.995622,-0.022404,0.000000,-0.002883,0.022760,0.999737,0.000000,4.700783,0.000002,-0.213655,1.000000;;
    }

    Frame b_Spine1 {
     

     FrameTransformMatrix {
      0.997844,-0.065459,0.004893,0.000000,0.065416,0.985463,-0.156789,0.000000,0.005442,0.156771,0.987620,0.000000,5.541531,0.000000,-0.005256,1.000000;;
     }

     Frame b_Spine2 {
      

      FrameTransformMatrix {
       0.998824,-0.043184,0.022033,0.000000,0.046185,0.985770,-0.161630,0.000000,-0.014740,0.162458,0.986605,0.000000,6.626568,0.000000,-0.006586,1.000000;;
      }

      Frame b_LeftClav {
       

       FrameTransformMatrix {
        -0.049374,0.998776,0.002931,0.000000,0.998780,0.049376,-0.000614,0.000000,-0.000758,0.002897,-0.999995,0.000000,8.235894,3.760578,-0.368270,1.000000;;
       }

       Frame b_LeftArm {
        

        FrameTransformMatrix {
         0.473662,-0.868176,0.148040,0.000000,0.826596,0.380223,-0.414933,0.000000,0.303947,0.318907,0.897728,0.000000,7.476990,0.000000,0.000034,1.000000;;
        }

        Frame b_LeftForeArm {
         

         FrameTransformMatrix {
          0.892183,-0.000000,-0.451674,0.000000,0.000000,1.000000,-0.000000,0.000000,0.451674,0.000000,0.892183,0.000000,13.770352,0.000000,0.000002,1.000000;;
         }

         Frame b_LeftHand {
          

          FrameTransformMatrix {
           0.933517,-0.335762,0.125739,0.000000,-0.152377,-0.054091,0.986841,0.000000,-0.324543,-0.940392,-0.101658,0.000000,13.854661,0.000004,-0.000006,1.000000;;
          }

          Frame b_LeftMiddle1 {
           

           FrameTransformMatrix {
            0.895081,0.050422,0.443044,0.000000,-0.110297,0.987746,0.110419,0.000000,-0.432048,-0.147700,0.889674,0.000000,6.875614,-0.482945,-0.447002,1.000000;;
           }

           Frame b_LeftMiddle2 {
            

            FrameTransformMatrix {
             0.961262,0.000000,0.275638,0.000000,-0.000000,1.000000,-0.000000,0.000000,-0.275638,0.000000,0.961262,0.000000,2.543324,0.000001,-0.000002,1.000000;;
            }

            Frame b_LeftMilddle3 {
             

             FrameTransformMatrix {
              0.961262,-0.000000,0.275637,0.000000,0.000000,1.000000,-0.000000,0.000000,-0.275637,0.000000,0.961262,0.000000,1.678413,-0.000003,0.000001,1.000000;;
             }
            }
           }
          }

          Frame b_LeftIndex1 {
           

           FrameTransformMatrix {
            0.907026,-0.139626,0.397251,0.000000,0.148601,0.988863,0.008273,0.000000,-0.393981,0.051528,0.917673,0.000000,6.578091,-2.301192,-0.004183,1.000000;;
           }

           Frame b_LeftIndex2 {
            

            FrameTransformMatrix {
             0.990268,0.000000,0.139173,0.000000,-0.000000,1.000000,-0.000000,0.000000,-0.139173,0.000000,0.990268,0.000000,2.281174,0.000000,-0.000001,1.000000;;
            }

            Frame b_LeftIndex3 {
             

             FrameTransformMatrix {
              0.990268,-0.000000,0.139173,0.000000,0.000000,1.000000,-0.000000,0.000000,-0.139173,0.000000,0.990268,0.000000,1.638508,0.000001,-0.000006,1.000000;;
             }
            }
           }
          }

          Frame b_LeftWeapon {
           

           FrameTransformMatrix {
            -0.000000,0.000262,-1.000000,0.000000,-0.000261,-1.000000,-0.000262,0.000000,-1.000000,0.000261,0.000000,0.000000,6.171772,-1.394088,1.798462,1.000000;;
           }
          }

          Frame b_LeftRing1 {
           

           FrameTransformMatrix {
            0.720195,0.195805,0.665568,0.000000,-0.268318,0.963306,0.006943,0.000000,-0.639786,-0.183584,0.746305,0.000000,6.744706,0.919672,-0.093328,1.000000;;
           }

           Frame b_LeftRing2 {
            

            FrameTransformMatrix {
             0.906308,-0.000000,0.422618,0.000000,0.000000,1.000000,-0.000000,0.000000,-0.422619,0.000000,0.906308,0.000000,1.930706,-0.000004,0.000006,1.000000;;
            }

            Frame b_LeftRing3 {
             

             FrameTransformMatrix {
              0.906308,-0.000000,0.422618,0.000000,0.000000,1.000000,-0.000000,0.000000,-0.422618,0.000000,0.906308,0.000000,1.796394,0.000002,-0.000006,1.000000;;
             }
            }
           }
          }

          Frame b_LeftPinky1 {
           

           FrameTransformMatrix {
            0.401217,0.201446,0.893558,0.000000,-0.424990,0.905102,-0.013224,0.000000,-0.811424,-0.374447,0.448754,0.000000,6.108177,2.516024,0.001530,1.000000;;
           }

           Frame b_LeftPinky2 {
            

            FrameTransformMatrix {
             0.857167,-0.000000,0.515038,0.000000,0.000000,1.000000,-0.000000,0.000000,-0.515038,0.000000,0.857167,0.000000,1.867676,0.000002,-0.000004,1.000000;;
            }

            Frame b_LeftPinky3 {
             

             FrameTransformMatrix {
              0.857167,0.000000,0.515038,0.000000,-0.000000,1.000000,0.000000,0.000000,-0.515038,-0.000000,0.857167,0.000000,1.390455,0.000002,0.000000,1.000000;;
             }
            }
           }
          }

          Frame b_LeftThumb1 {
           

           FrameTransformMatrix {
            0.819801,-0.293246,0.491868,0.000000,0.399770,-0.321921,-0.858226,0.000000,0.410014,0.900208,-0.146681,0.000000,1.536991,-1.367623,0.458803,1.000000;;
           }

           Frame b_LeftThumb2 {
            

            FrameTransformMatrix {
             0.994522,0.000000,0.104528,0.000000,-0.000000,1.000000,-0.000000,0.000000,-0.104528,0.000000,0.994522,0.000000,2.628571,0.000005,0.000007,1.000000;;
            }

            Frame b_LeftThumb3 {
             

             FrameTransformMatrix {
              0.994522,0.000000,0.104529,0.000000,-0.000000,1.000000,0.000001,0.000000,-0.104529,-0.000001,0.994522,0.000000,1.497002,-0.000006,0.000000,1.000000;;
             }
            }
           }
          }
         }

         Frame b_LeftForeArmRoll {
          

          FrameTransformMatrix {
           1.000000,0.000000,0.000000,0.000000,0.000000,0.999625,0.027376,0.000000,-0.000000,-0.027375,0.999625,0.000000,0.000000,-0.000004,0.000000,1.000000;;
          }
         }
        }

        Frame b_LeftArmRoll {
         

         FrameTransformMatrix {
          1.000000,-0.000000,0.000000,0.000000,0.000000,0.993498,-0.113851,0.000000,0.000000,0.113851,0.993498,0.000000,0.000000,0.000000,0.000000,1.000000;;
         }
        }
       }

       Frame b_LeftShoulderPad {
        

        FrameTransformMatrix {
         0.966970,-0.254856,-0.004089,0.000000,0.244484,0.931914,-0.267888,0.000000,0.072084,0.258040,0.963441,0.000000,7.124219,1.847572,0.976970,1.000000;;
        }
       }
      }

      Frame b_Neck {
       

       FrameTransformMatrix {
        0.968237,-0.025631,0.248719,0.000000,0.066684,0.985173,-0.158072,0.000000,-0.240980,0.169637,0.955590,0.000000,12.050705,-0.000004,-0.450051,1.000000;;
       }

       Frame b_Head {
        

        FrameTransformMatrix {
         0.972530,0.115538,-0.202081,0.000000,-0.165784,0.953190,-0.252874,0.000000,0.163405,0.279429,0.946160,0.000000,4.370651,0.000000,0.000004,1.000000;;
        }
       }
      }

      Frame b_RightClav {
       

       FrameTransformMatrix {
        -0.014015,-0.998126,0.059559,0.000000,-0.999901,0.014038,-0.000042,0.000000,-0.000794,-0.059553,-0.998225,0.000000,8.235878,-3.760583,-0.368248,1.000000;;
       }

       Frame b_RightArm {
        

        FrameTransformMatrix {
         0.387152,0.894653,0.222955,0.000000,-0.913762,0.404583,-0.036763,0.000000,-0.123094,-0.189495,0.974136,0.000000,7.476990,0.000000,0.000001,1.000000;;
        }

        Frame b_RightForeArm {
         

         FrameTransformMatrix {
          0.934190,-0.000000,-0.356775,0.000000,0.000000,1.000000,-0.000000,0.000000,0.356775,0.000000,0.934190,0.000000,13.770347,0.000000,0.000002,1.000000;;
         }

         Frame b_RightHand {
          

          FrameTransformMatrix {
           0.949122,0.237417,0.206885,0.000000,0.112760,0.357184,-0.927203,0.000000,-0.294029,0.903357,0.312240,0.000000,13.854664,0.000000,0.000001,1.000000;;
          }

          Frame b_RightMiddle1 {
           

           FrameTransformMatrix {
            0.913912,-0.006315,0.405864,0.000000,0.056438,0.992144,-0.111647,0.000000,-0.401971,0.124942,0.907088,0.000000,6.875614,0.482945,-0.447008,1.000000;;
           }

           Frame b_RightMiddle2 {
            

            FrameTransformMatrix {
             0.970296,0.000000,0.241922,0.000000,-0.000000,1.000000,0.000000,0.000000,-0.241922,-0.000000,0.970296,0.000000,2.543327,0.000001,-0.000004,1.000000;;
            }

            Frame b_RightMiddle3 {
             

             FrameTransformMatrix {
              0.970296,0.000000,0.241922,0.000000,0.000000,1.000000,-0.000000,0.000000,-0.241922,0.000000,0.970296,0.000000,1.678421,0.000002,0.000002,1.000000;;
             }
            }
           }
          }

          Frame b_RightIndex1 {
           

           FrameTransformMatrix {
            0.920223,0.141339,0.364982,0.000000,-0.148601,0.988863,-0.008272,0.000000,-0.362087,-0.046624,0.930978,0.000000,6.578091,2.301191,-0.004183,1.000000;;
           }

           Frame b_RightIndex2 {
            

            FrameTransformMatrix {
             0.994522,-0.000000,0.104529,0.000000,0.000000,1.000000,-0.000000,0.000000,-0.104529,0.000000,0.994522,0.000000,2.281166,0.000000,0.000004,1.000000;;
            }

            Frame b_RightIndex3 {
             

             FrameTransformMatrix {
              0.994522,-0.000000,0.104528,0.000000,0.000000,1.000000,-0.000000,0.000000,-0.104528,0.000000,0.994522,0.000000,1.638512,0.000003,0.000003,1.000000;;
             }
            }
           }
          }

          Frame b_RightWeapon {
           

           FrameTransformMatrix {
            -0.000001,-0.000000,1.000000,0.000000,0.000000,1.000000,0.000000,0.000000,-1.000000,0.000000,-0.000001,0.000000,6.171764,1.394024,1.798338,1.000000;;
           }
          }

          Frame b_RightThumb1 {
           

           FrameTransformMatrix {
            0.826832,0.277490,0.489233,0.000000,-0.399770,-0.321921,0.858226,0.000000,0.395643,-0.905189,-0.155242,0.000000,1.536999,1.367624,0.458809,1.000000;;
           }

           Frame b_RightThumb2 {
            

            FrameTransformMatrix {
             0.992546,-0.000000,0.121869,0.000000,0.000000,1.000000,0.000000,0.000000,-0.121869,0.000000,0.992546,0.000000,2.628567,0.000000,0.000005,1.000000;;
            }

            Frame b_RightThumb3 {
             

             FrameTransformMatrix {
              0.992546,0.000000,0.121870,0.000000,0.000000,1.000000,0.000000,0.000000,-0.121870,0.000000,0.992546,0.000000,1.497013,0.000001,0.000004,1.000000;;
             }
            }
           }
          }

          Frame b_RightRing1 {
           

           FrameTransformMatrix {
            0.792763,-0.128226,0.595890,0.000000,0.194715,0.979673,-0.048236,0.000000,-0.577593,0.154268,0.801616,0.000000,6.744698,-0.919672,-0.093323,1.000000;;
           }

           Frame b_RightRing2 {
            

            FrameTransformMatrix {
             0.939693,-0.000000,0.342020,0.000000,0.000000,1.000000,0.000000,0.000000,-0.342020,-0.000000,0.939693,0.000000,1.930698,0.000004,-0.000008,1.000000;;
            }

            Frame b_RightRing3 {
             

             FrameTransformMatrix {
              0.939693,0.000000,0.342020,0.000000,-0.000000,1.000000,0.000000,0.000000,-0.342020,0.000000,0.939693,0.000000,1.796406,0.000000,-0.000004,1.000000;;
             }
            }
           }
          }

          Frame b_RightPinky1 {
           

           FrameTransformMatrix {
            0.551869,-0.155611,0.819284,0.000000,0.369327,0.926443,-0.072814,0.000000,-0.747689,0.342767,0.568746,0.000000,6.108173,-2.516024,0.001535,1.000000;;
           }

           Frame b_RightPinky2 {
            

            FrameTransformMatrix {
             0.920505,-0.000000,0.390731,0.000000,0.000000,1.000000,0.000000,0.000000,-0.390731,-0.000000,0.920505,0.000000,1.867672,-0.000002,0.000004,1.000000;;
            }

            Frame b_RightPinky3 {
             

             FrameTransformMatrix {
              0.920505,-0.000000,0.390731,0.000000,0.000000,1.000000,0.000000,0.000000,-0.390731,0.000000,0.920505,0.000000,1.390453,-0.000006,0.000004,1.000000;;
             }
            }
           }
          }
         }

         Frame b_RightForeArmRoll {
          

          FrameTransformMatrix {
           1.000000,-0.000000,-0.000000,0.000000,-0.000000,0.983147,0.182820,0.000000,0.000000,-0.182820,0.983147,0.000000,0.000000,0.000000,0.000000,1.000000;;
          }
         }
        }

        Frame b_RightArmRoll {
         

         FrameTransformMatrix {
          1.000000,-0.000000,-0.000000,0.000000,0.000000,0.999822,0.018859,0.000000,-0.000000,-0.018859,0.999822,0.000000,0.000008,-0.000008,0.000000,1.000000;;
         }
        }
       }

       Frame b_RightShoulderPad {
        

        FrameTransformMatrix {
         -0.927191,-0.364839,-0.084917,0.000000,-0.374043,0.889473,0.262546,0.000000,-0.020255,0.275193,-0.961176,0.000000,7.371114,-2.572166,0.731408,1.000000;;
        }
       }
      }
     }
    }
   }
  }
 }

 Frame SK_CH_IronG_Male_Arms01 {
  

  FrameTransformMatrix {
   1.000000,0.000000,0.000000,0.000000,0.000000,1.000000,0.000000,0.000000,0.000000,0.000000,1.000000,0.000000,0.000000,0.000000,0.000000,1.000000;;
  }

  Mesh SK_CH_IronG_Male_Arms01 {
   1140;
   12.648857;61.497114;-6.907503;,
   12.471235;61.247174;-5.666098;,
   12.826300;61.457466;-5.920645;,
   14.787086;63.449030;-12.255666;,
   12.911615;62.426906;-11.978945;,
   13.286318;62.495571;-11.470074;,
   12.354271;61.837946;-9.761507;,
   11.781366;61.693626;-9.970899;,
   11.734034;61.411814;-7.495373;,
   12.683890;58.778950;-6.262007;,
   12.471235;61.247174;-5.666098;,
   17.612786;65.203782;-11.985110;,
   17.121413;64.333696;-12.237346;,
   17.277512;65.088506;-11.805986;,
   17.555840;64.709715;-12.541683;,
   16.185170;64.050765;-12.467573;,
   16.209835;64.129197;-12.935320;,
   14.674629;63.430022;-12.887436;,
   13.747458;59.820122;-14.101690;,
   11.744166;59.505267;-11.024021;,
   19.170507;57.236211;-16.176000;,
   16.646563;58.630490;-16.214522;,
   18.007466;59.989459;-16.091528;,
   15.760936;60.187315;-15.174282;,
   14.253942;56.668845;-15.432918;,
   12.110686;54.527853;-14.121245;,
   11.748352;58.764941;-12.806678;,
   12.230138;58.921549;-11.963581;,
   12.100982;58.475872;-9.020136;,
   11.635998;59.064442;-8.636542;,
   12.836258;58.279059;-6.732628;,
   12.683890;58.778950;-6.262007;,
   11.973542;56.474573;-10.450289;,
   12.563698;54.599770;-13.136246;,
   12.207238;54.448371;-13.648626;,
   12.519004;54.246246;-11.650626;,
   12.597835;51.520275;-14.698642;,
   12.664148;51.390890;-14.083531;,
   13.028246;55.776243;-7.672306;,
   13.633843;53.536048;-9.321790;,
   11.740002;54.031315;-11.902391;,
   12.649988;51.121856;-12.405453;,
   13.386693;51.250560;-13.895963;,
   13.716069;51.587578;-15.631146;,
   13.235581;53.161370;-9.101069;,
   13.707024;50.573469;-10.354395;,
   13.312186;50.940922;-12.673806;,
   14.292534;50.519043;-10.877678;,
   14.419917;50.985238;-15.034829;,
   12.946802;49.723293;-14.872627;,
   12.903967;49.578131;-15.373162;,
   13.498336;47.780237;-15.511938;,
   13.359539;47.739680;-16.043213;,
   15.161891;46.549267;-15.817755;,
   15.209278;46.496211;-16.335531;,
   16.779334;45.890419;-15.370312;,
   17.011250;45.790534;-15.771414;,
   18.386610;45.701229;-14.300462;,
   17.971264;45.846349;-14.018360;,
   18.367566;49.133098;-16.583270;,
   19.585213;49.088704;-15.321589;,
   19.216909;46.274144;-12.291582;,
   18.718934;46.474010;-12.168163;,
   20.305374;52.907923;-16.003366;,
   19.539626;53.163120;-16.838891;,
   20.271331;49.417171;-13.403244;,
   19.421827;47.947338;-11.198492;,
   19.020477;48.203632;-10.982454;,
   20.038261;50.005734;-11.581793;,
   19.124899;49.738131;-12.002806;,
   18.521150;49.964650;-10.552685;,
   17.963888;49.853677;-9.299011;,
   17.533504;49.921776;-10.111029;,
   20.955205;53.090000;-14.707142;,
   20.793347;55.298669;-15.674749;,
   19.998650;55.415066;-16.675851;,
   18.803958;55.796422;-16.948947;,
   19.300576;57.090976;-16.479328;,
   17.902483;56.485478;-16.516920;,
   20.997230;53.940563;-13.590554;,
   16.456835;55.076602;-16.498666;,
   19.929968;57.304954;-15.830352;,
   20.108002;57.146016;-16.170405;,
   20.646984;56.754106;-15.616960;,
   20.974358;55.716864;-14.549395;,
   21.598736;55.213286;-11.934059;,
   21.830845;58.668595;-11.286518;,
   21.757312;59.051226;-13.689766;,
   21.552198;60.992486;-12.538710;,
   21.889659;57.318643;-12.856332;,
   20.479066;56.908806;-15.337870;,
   21.164642;60.202464;-14.503621;,
   20.330486;60.704147;-15.127814;,
   19.318584;60.664358;-15.686016;,
   20.948646;62.171904;-13.274778;,
   18.996253;62.660403;-14.525286;,
   20.221694;62.618842;-14.209998;,
   20.077808;62.685427;-13.959342;,
   18.968746;64.350925;-13.936848;,
   17.406930;63.511706;-14.475706;,
   17.400048;65.297638;-13.108013;,
   16.451698;64.380646;-13.502634;,
   17.739317;61.946490;-14.980853;,
   15.127955;61.352083;-14.618246;,
   14.891862;61.981856;-13.846595;,
   -20.097206;47.735747;10.479233;,
   -21.101819;44.801539;12.300798;,
   -20.810411;48.084237;11.938682;,
   -20.708533;45.090858;10.407015;,
   -20.049008;44.401834;10.256792;,
   -19.558434;47.110704;10.549692;,
   -18.980880;50.278291;10.259964;,
   -19.975448;51.997827;11.930937;,
   -18.795235;51.893878;10.543027;,
   -17.409406;51.824925;10.837139;,
   -17.234957;50.733907;10.597309;,
   -16.165488;50.292931;11.899576;,
   -16.891530;48.822000;10.047367;,
   -18.262053;48.390544;9.846571;,
   -16.124371;48.907798;10.971935;,
   -17.857357;46.204192;11.214218;,
   -18.624795;44.338960;10.520215;,
   -18.334093;46.918493;10.831250;,
   -17.881790;45.605216;10.622298;,
   -17.508114;46.078832;9.576143;,
   -16.395666;46.407229;9.819121;,
   -15.768210;46.383034;10.542099;,
   -16.526856;47.849654;11.866535;,
   -16.120003;46.182230;11.354986;,
   -15.964013;44.737475;11.322044;,
   -15.378200;44.112938;10.466503;,
   -15.826216;43.732826;9.892613;,
   -16.576350;43.829270;9.670250;,
   -17.256875;46.076362;15.888034;,
   -17.447899;45.584198;15.795291;,
   -17.591770;45.647120;13.505029;,
   -17.925493;44.903261;14.811395;,
   -18.288890;44.318141;13.548453;,
   -18.265357;44.116886;12.080723;,
   -17.857357;46.204192;11.214218;,
   -16.522254;48.112003;13.523942;,
   -17.629816;46.442368;11.763250;,
   -16.374158;48.571824;15.622296;,
   -15.747093;51.779450;14.407102;,
   -16.325658;51.734950;11.691005;,
   -18.624795;44.338960;10.520215;,
   12.186282;68.488512;-12.177162;,
   10.359026;67.371034;-11.665160;,
   8.980191;68.675565;-11.370777;,
   15.728971;69.887206;-10.461154;,
   14.020346;69.378848;-12.137552;,
   16.087971;70.184090;-11.254145;,
   13.898477;69.191014;-11.246154;,
   12.325905;68.440154;-11.270071;,
   10.584950;67.406118;-10.774397;,
   9.335600;68.719949;-10.527128;,
   7.632219;68.085920;-10.021346;,
   8.220358;68.270842;-9.345092;,
   19.319515;70.931853;-7.761040;,
   17.848378;70.726720;-9.917464;,
   18.691830;72.367936;-7.202430;,
   14.818629;77.083603;-8.048242;,
   12.852130;76.899475;-9.926655;,
   10.870330;76.046598;-10.979738;,
   8.894278;74.877990;-11.295567;,
   7.023605;73.084550;-10.762982;,
   5.978748;71.208051;-9.571211;,
   6.514382;71.343859;-8.836088;,
   7.359682;73.125216;-9.924583;,
   8.966932;74.801286;-10.401178;,
   10.672195;75.840960;-10.127290;,
   12.419207;76.593901;-9.199966;,
   14.188243;76.690458;-7.542011;,
   16.095294;76.225939;-6.312319;,
   15.347112;75.778106;-6.116731;,
   16.813629;75.366125;-4.404160;,
   16.051611;74.934387;-4.383272;,
   18.870488;72.375354;-4.968996;,
   18.093016;71.914701;-4.914186;,
   17.971920;71.918029;-6.854713;,
   18.673256;70.501984;-7.274723;,
   17.280387;70.339219;-9.307592;,
   3.729274;75.022829;-7.331582;,
   8.218742;80.237338;-1.275672;,
   5.042995;79.049555;-5.738970;,
   9.699600;77.315123;1.042527;,
   9.776329;73.748781;2.779552;,
   9.240776;71.403514;2.015891;,
   9.155542;69.936928;0.188070;,
   6.968147;69.267392;-2.861781;,
   5.408742;69.717203;-5.237983;,
   4.277296;72.661824;-6.609566;,
   -15.718246;43.513437;14.958904;,
   -16.548458;44.813542;15.929098;,
   -15.402706;44.371779;15.567749;,
   -17.025459;44.009475;15.093627;,
   -17.925493;44.903261;14.811395;,
   -17.376992;43.296442;15.990197;,
   -19.345646;44.743546;15.835498;,
   -18.268398;45.378128;16.912194;,
   -16.739902;44.353517;16.890880;,
   -17.447899;45.584198;15.795291;,
   -16.548458;44.813542;15.929098;,
   -15.062077;43.765037;16.439368;,
   -17.447899;45.584198;15.795291;,
   -15.499283;42.757453;15.576058;,
   -14.652950;43.505814;14.556538;,
   -14.381093;44.288870;15.150794;,
   -15.402706;44.371779;15.567749;,
   -14.381093;44.288870;15.150794;,
   -13.613742;43.764992;15.618101;,
   -13.970531;42.868608;14.891496;,
   -13.938422;43.558781;14.849277;,
   -13.613742;43.764992;15.618101;,
   13.816347;72.914458;-1.422383;,
   10.808309;71.696685;-2.259385;,
   10.967807;71.521370;-2.857064;,
   13.803528;75.016634;-0.671218;,
   12.699463;73.463392;-0.493367;,
   9.155542;69.936928;0.188070;,
   6.968147;69.267392;-2.861781;,
   8.218742;80.237338;-1.275672;,
   8.301847;79.691424;-7.465101;,
   5.042995;79.049555;-5.738970;,
   10.990259;80.255635;-4.734848;,
   9.699600;77.315123;1.042527;,
   12.396194;78.774170;-3.083023;,
   13.330631;76.962899;-1.611944;,
   9.776329;73.748781;2.779552;,
   9.240776;71.403514;2.015891;,
   10.672195;75.840960;-10.127290;,
   12.419207;76.593901;-9.199966;,
   14.188243;76.690458;-7.542011;,
   15.347112;75.778106;-6.116731;,
   16.051611;74.934387;-4.383272;,
   14.986043;73.879091;-2.368577;,
   -17.493466;40.791350;12.233546;,
   -18.021659;42.349584;13.672219;,
   -17.085315;40.965590;13.501606;,
   -18.296354;42.169213;12.134815;,
   -18.265357;44.116886;12.080723;,
   -19.711485;41.607222;12.488262;,
   -20.428360;44.134621;12.184242;,
   -20.186237;44.258854;14.100166;,
   -19.167371;41.967558;14.259469;,
   -18.288890;44.318141;13.548453;,
   -18.021659;42.349584;13.672219;,
   -18.035885;40.050003;14.112768;,
   -18.288890;44.318141;13.548453;,
   -18.468677;39.797734;12.479662;,
   -16.673664;39.764758;12.144577;,
   -16.283806;39.958499;13.312231;,
   -17.085315;40.965590;13.501606;,
   -16.283806;39.958499;13.312231;,
   -16.463718;38.741898;13.671573;,
   -16.893864;38.579421;12.268502;,
   -16.324005;39.059494;12.668651;,
   -16.463718;38.741898;13.671573;,
   5.983641;72.266982;-7.199627;,
   5.215088;74.798170;-7.957814;,
   7.359682;73.125216;-9.924583;,
   8.966932;74.801286;-10.401178;,
   5.928913;77.162138;-8.337664;,
   5.408742;69.717203;-5.237983;,
   10.808309;71.696685;-2.259385;,
   6.968147;69.267392;-2.861781;,
   7.674606;70.722899;-4.937588;,
   4.277296;72.661824;-6.609566;,
   3.729274;75.022829;-7.331582;,
   10.967807;71.521370;-2.857064;,
   8.418391;70.273734;-5.482388;,
   8.075314;70.763488;-7.320381;,
   8.442156;71.267411;-9.146188;,
   -17.629816;46.442368;11.763250;,
   -17.146672;45.629597;11.265857;,
   -17.356155;44.388176;10.441242;,
   -16.729698;44.283584;11.040879;,
   -16.120003;46.182230;11.354986;,
   -16.526856;47.849654;11.866535;,
   -15.964013;44.737475;11.322044;,
   -16.299045;43.781747;10.607386;,
   -15.826216;43.732826;9.892613;,
   -15.378200;44.112938;10.466503;,
   18.692349;52.823670;-12.221764;,
   19.604954;49.180349;-10.899401;,
   18.930245;49.063862;-12.664386;,
   17.496658;52.723334;-13.522829;,
   18.642048;52.680899;-10.814441;,
   17.178501;52.536157;-9.555710;,
   17.784667;49.210358;-9.551870;,
   18.069075;46.677437;-10.307060;,
   19.621344;46.351594;-10.967154;,
   18.971413;45.769683;-12.767396;,
   17.626163;48.963891;-14.159942;,
   15.780738;52.861446;-14.268406;,
   14.106163;52.822669;-12.022632;,
   13.853304;51.318704;-13.794326;,
   13.707955;51.804941;-12.052715;,
   14.149080;52.885750;-13.439842;,
   15.900931;48.892330;-15.014237;,
   17.720074;45.532566;-14.289512;,
   17.232226;44.889664;-13.607352;,
   18.586870;45.226653;-12.177495;,
   19.285706;45.829456;-10.811795;,
   18.003422;46.218896;-10.514704;,
   14.041595;48.135392;-14.341614;,
   14.093918;46.079002;-15.446374;,
   13.636662;45.445424;-14.876779;,
   14.249952;48.736538;-14.873362;,
   15.954770;45.573581;-15.125424;,
   15.527597;44.954643;-14.529651;,
   13.940768;47.247565;-12.506438;,
   13.369133;45.447450;-13.455461;,
   13.820571;47.983926;-13.104610;,
   13.076598;49.565213;-13.405842;,
   13.266781;46.736205;-12.761622;,
   14.358910;47.433082;-12.105002;,
   13.587704;46.709859;-11.839393;,
   13.376423;47.301773;-10.853071;,
   14.258328;48.879453;-11.045742;,
   13.004731;45.430342;-11.540541;,
   12.708973;45.588643;-12.346092;,
   12.240226;47.373693;-12.805841;,
   12.822605;50.040634;-12.058846;,
   14.462602;51.324934;-10.716696;,
   17.178501;52.536157;-9.555710;,
   14.674789;52.688733;-10.763379;,
   13.416292;50.054176;-11.004926;,
   12.102459;47.727027;-11.683135;,
   11.619034;45.201149;-11.918872;,
   12.363381;45.026349;-11.308322;,
   13.050294;45.879571;-10.723408;,
   12.529674;47.634461;-10.830507;,
   11.526184;45.115126;-11.140777;,
   11.945244;45.427795;-10.507394;,
   11.526184;45.115126;-11.140777;,
   11.945244;45.427795;-10.507394;,
   13.050294;45.879571;-10.723408;,
   13.376423;47.301773;-10.853071;,
   14.258328;48.879453;-11.045742;,
   15.839608;48.968787;-10.443405;,
   14.358910;47.433082;-12.105002;,
   13.940768;47.247565;-12.506438;,
   15.915688;46.468867;-11.425474;,
   14.658110;45.082637;-12.555784;,
   13.369133;45.447450;-13.455461;,
   16.047499;45.133405;-12.048489;,
   17.159083;45.620992;-11.259050;,
   18.003422;46.218896;-10.514704;,
   18.069075;46.677437;-10.307060;,
   17.784667;49.210358;-9.551870;,
   -16.922509;43.463398;14.879347;,
   -18.288890;44.318141;13.548453;,
   -17.925493;44.903261;14.811395;,
   -16.308949;42.016861;13.599421;,
   -15.811328;42.630240;14.607328;,
   -17.532062;42.908464;13.689157;,
   -18.465314;42.002061;14.286360;,
   -20.186237;44.258854;14.100166;,
   -19.345646;44.743546;15.835498;,
   -17.766910;42.701805;15.770368;,
   -17.925493;44.903261;14.811395;,
   -16.922509;43.463398;14.879347;,
   -15.950082;41.564931;15.411819;,
   -16.550341;40.933133;14.047448;,
   -15.081907;41.671203;13.323463;,
   -14.674062;42.201299;14.292933;,
   -15.811328;42.630240;14.607328;,
   -14.674062;42.201299;14.292933;,
   -14.165792;41.204285;14.728918;,
   -14.668886;40.629709;13.561822;,
   -14.379438;41.345238;13.769731;,
   -14.165792;41.204285;14.728918;,
   17.385045;45.240125;-7.767718;,
   17.782786;44.077046;-9.939361;,
   18.583474;45.164131;-9.237532;,
   16.511710;44.251395;-8.222640;,
   16.985464;44.929030;-10.137333;,
   16.271944;44.898349;-8.914678;,
   15.499115;45.433699;-8.257438;,
   15.318397;45.140320;-7.327280;,
   16.090934;46.007030;-6.994473;,
   16.154629;46.177613;-8.018434;,
   16.090934;46.007030;-6.994473;,
   16.924112;45.730950;-8.628277;,
   17.737954;45.720093;-9.566641;,
   18.583474;45.164131;-9.237532;,
   18.003422;46.218896;-10.514704;,
   19.285706;45.829456;-10.811795;,
   18.586870;45.226653;-12.177495;,
   17.159083;45.620992;-11.259050;,
   17.737954;45.720093;-9.566641;,
   18.003422;46.218896;-10.514704;,
   16.924112;45.730950;-8.628277;,
   16.154629;46.177613;-8.018434;,
   15.488778;45.769517;-7.560180;,
   16.090934;46.007030;-6.994473;,
   -17.256875;46.076362;15.888034;,
   -18.268398;45.378128;16.912194;,
   -17.447899;45.584198;15.795291;,
   -18.283155;48.767392;16.825493;,
   -16.374158;48.571824;15.622296;,
   -18.486160;45.958163;17.117352;,
   -19.345646;44.743546;15.835498;,
   -19.980757;45.332550;15.924162;,
   -20.186237;44.258854;14.100166;,
   -20.956150;44.956234;14.240862;,
   -20.428360;44.134621;12.184242;,
   -19.693667;48.588474;15.575522;,
   -20.627048;48.349792;13.837952;,
   -19.649230;51.993267;13.769026;,
   -18.669165;52.187706;15.215234;,
   -17.322328;52.045539;15.513306;,
   -15.747093;51.779450;14.407102;,
   16.003794;40.946608;-11.247280;,
   15.308373;42.409539;-13.564141;,
   16.788624;42.706230;-12.430893;,
   14.622051;40.764995;-12.235214;,
   14.526549;43.154208;-12.437628;,
   14.171530;41.905626;-11.539867;,
   13.647702;41.048659;-10.703661;,
   13.672634;39.836995;-10.714358;,
   14.832038;39.945341;-9.806372;,
   14.607811;41.202493;-9.924258;,
   15.215757;42.033450;-10.704216;,
   15.867403;43.250499;-11.639262;,
   16.047499;45.133405;-12.048489;,
   17.232226;44.889664;-13.607352;,
   15.527597;44.954643;-14.529651;,
   14.658110;45.082637;-12.555784;,
   15.867403;43.250499;-11.639262;,
   16.047499;45.133405;-12.048489;,
   15.215757;42.033450;-10.704216;,
   14.607811;41.202493;-9.924258;,
   13.901787;40.368544;-10.097693;,
   14.832038;39.945341;-9.806372;,
   16.047499;45.133405;-12.048489;,
   16.730766;44.447578;-10.162784;,
   17.159083;45.620992;-11.259050;,
   16.549293;42.769779;-11.606798;,
   15.775701;43.860995;-11.107717;,
   15.142850;43.290672;-9.881175;,
   15.992568;43.941990;-9.174821;,
   15.211262;43.948528;-8.220398;,
   14.369730;43.403501;-8.838438;,
   14.451235;43.280451;-7.956911;,
   14.219438;42.531184;-8.111389;,
   15.214904;43.131184;-7.340406;,
   16.576512;42.837792;-8.736414;,
   17.770933;43.491504;-10.527138;,
   15.440850;42.174096;-9.683338;,
   15.214904;43.131184;-7.340406;,
   15.211262;43.948528;-8.220398;,
   15.992568;43.941990;-9.174821;,
   16.730766;44.447578;-10.162784;,
   17.159083;45.620992;-11.259050;,
   18.586870;45.226653;-12.177495;,
   17.232226;44.889664;-13.607352;,
   -9.441954;66.985306;8.796848;,
   -10.918421;69.897754;5.686380;,
   -8.095985;70.605613;8.278027;,
   -11.461168;66.906637;6.367691;,
   -10.621088;63.834547;10.710724;,
   -11.975921;64.206778;7.530171;,
   -13.848302;67.572966;6.166582;,
   -12.734297;70.591379;5.475953;,
   -14.507653;71.215501;5.973667;,
   -16.062832;68.692614;6.666088;,
   -14.523315;64.846170;7.357162;,
   -16.364765;67.256013;7.801626;,
   -16.920090;66.164742;10.807467;,
   -16.550979;68.675955;11.310768;,
   -16.699840;68.118758;9.671842;,
   -16.374934;64.595942;9.237014;,
   -14.778355;63.361907;8.200775;,
   -12.290060;63.005466;8.474242;,
   -12.845798;62.090694;9.324764;,
   -10.546702;61.696672;10.927701;,
   -12.701543;60.641818;9.279901;,
   -10.513130;59.832128;11.880323;,
   -17.255122;64.316282;11.823843;,
   -17.813435;63.442374;14.021478;,
   -16.392563;64.967667;13.860384;,
   -18.083512;63.185696;13.088325;,
   -17.934254;62.615450;11.669112;,
   -16.739230;63.155622;10.327512;,
   -15.090174;62.177715;8.825903;,
   -17.220974;61.688109;10.116757;,
   -15.559325;61.029645;9.103970;,
   -16.212322;66.964858;13.152774;,
   -15.459128;64.197421;15.796736;,
   -15.017701;62.005011;16.960995;,
   -13.837861;64.386138;16.771526;,
   -12.044206;60.809312;16.793864;,
   -12.248221;63.666618;17.264789;,
   -10.703198;63.616730;15.635392;,
   -11.908378;64.558899;17.109910;,
   -14.803867;67.114944;14.622456;,
   -11.057888;66.240710;15.877520;,
   -13.337449;67.235174;15.790702;,
   -14.390550;69.263808;14.706795;,
   -15.643496;69.088621;13.164904;,
   -10.546702;61.696672;10.927701;,
   -10.172557;59.790163;14.231629;,
