xof 0303txt 0032
template ColorRGBA {
 <35ff44e0-6c7c-11cf-8f52-0040333594a3>
 FLOAT red;
 FLOAT green;
 FLOAT blue;
 FLOAT alpha;
}

template ColorRGB {
 <d3e16e81-7835-11cf-8f52-0040333594a3>
 FLOAT red;
 FLOAT green;
 FLOAT blue;
}

template Material {
 <3d82ab4d-62da-11cf-ab39-0020af71e433>
 ColorRGBA faceColor;
 FLOAT power;
 ColorRGB specularColor;
 ColorRGB emissiveColor;
 [...]
}

template TextureFilename {
 <a42790e1-7810-11cf-8f52-0040333594a3>
 STRING filename;
}

template Frame {
 <3d82ab46-62da-11cf-ab39-0020af71e433>
 [...]
}

template Matrix4x4 {
 <f6f23f45-7686-11cf-8f52-0040333594a3>
 array FLOAT matrix[16];
}

template FrameTransformMatrix {
 <f6f23f41-7686-11cf-8f52-0040333594a3>
 Matrix4x4 frameMatrix;
}

template Vector {
 <3d82ab5e-62da-11cf-ab39-0020af71e433>
 FLOAT x;
 FLOAT y;
 FLOAT z;
}

template MeshFace {
 <3d82ab5f-62da-11cf-ab39-0020af71e433>
 DWORD nFaceVertexIndices;
 array DWORD faceVertexIndices[nFaceVertexIndices];
}

template Mesh {
 <3d82ab44-62da-11cf-ab39-0020af71e433>
 DWORD nVertices;
 array Vector vertices[nVertices];
 DWORD nFaces;
 array MeshFace faces[nFaces];
 [...]
}

template MeshMaterialList {
 <f6f23f42-7686-11cf-8f52-0040333594a3>
 DWORD nMaterials;
 DWORD nFaceIndexes;
 array DWORD faceIndexes[nFaceIndexes];
 [Material <3d82ab4d-62da-11cf-ab39-0020af71e433>]
}

template VertexElement {
 <f752461c-1e23-48f6-b9f8-8350850f336f>
 DWORD Type;
 DWORD Method;
 DWORD Usage;
 DWORD UsageIndex;
}

template DeclData {
 <bf22e553-292c-4781-9fea-62bd554bdd93>
 DWORD nElements;
 array VertexElement Elements[nElements];
 DWORD nDWords;
 array DWORD data[nDWords];
}

template XSkinMeshHeader {
 <3cf169ce-ff7c-44ab-93c0-f78f62d172e2>
 WORD nMaxSkinWeightsPerVertex;
 WORD nMaxSkinWeightsPerFace;
 WORD nBones;
}

template SkinWeights {
 <6f0d123b-bad2-4167-a0d0-80224f25fabb>
 STRING transformNodeName;
 DWORD nWeights;
 array DWORD vertexIndices[nWeights];
 array FLOAT weights[nWeights];
 Matrix4x4 matrixOffset;
}

template AnimTicksPerSecond {
 <9e415a43-7ba6-4a73-8743-b73d47e88476>
 DWORD AnimTicksPerSecond;
}

template Animation {
 <3d82ab4f-62da-11cf-ab39-0020af71e433>
 [...]
}

template AnimationSet {
 <3d82ab50-62da-11cf-ab39-0020af71e433>
 [Animation <3d82ab4f-62da-11cf-ab39-0020af71e433>]
}

template FloatKeys {
 <10dd46a9-775b-11cf-8f52-0040333594a3>
 DWORD nValues;
 array FLOAT values[nValues];
}

template TimedFloatKeys {
 <f406b180-7b3b-11cf-8f52-0040333594a3>
 DWORD time;
 FloatKeys tfkeys;
}

template AnimationKey {
 <10dd46a8-775b-11cf-8f52-0040333594a3>
 DWORD keyType;
 DWORD nKeys;
 array TimedFloatKeys keys[nKeys];
}


Material Material__126 {
 1.000000;1.000000;1.000000;1.000000;;
 10.000000;
 0.000000;0.000000;0.000000;;
 0.000000;0.000000;0.000000;;

 TextureFilename {
  "TK_head_d.tga";
 }
}

Material Material__102 {
 1.000000;1.000000;1.000000;1.000000;;
 10.000000;
 0.000000;0.000000;0.000000;;
 0.000000;0.000000;0.000000;;

 TextureFilename {
  "TK_body_d.tga";
 }
}

Material Material__65 {
 1.000000;1.000000;1.000000;1.000000;;
 10.000000;
 0.000000;0.000000;0.000000;;
 0.000000;0.000000;0.000000;;

 TextureFilename {
  "TK_head_d.tga";
 }
}

Frame root {
 

 FrameTransformMatrix {
  1.000000,0.000000,0.000000,0.000000,0.000000,1.000000,0.000000,0.000000,0.000000,0.000000,1.000000,0.000000,0.000000,0.000000,0.000000,1.000000;;
 }

 Frame Bip01 {
  

  FrameTransformMatrix {
   0.575523,0.814786,0.069989,0.000000,-0.817296,0.576030,0.014739,0.000000,-0.028307,-0.065685,0.997439,0.000000,-0.978366,60.257184,5.328570,1.000000;;
  }

  Frame Bip01_Pelvis {
   

   FrameTransformMatrix {
    0.000000,1.000000,-0.000002,0.000000,-0.000001,0.000001,1.000000,0.000000,1.000000,-0.000000,0.000001,0.000000,0.000000,0.000000,0.000000,1.000000;;
   }

   Frame Bip01_Spine {
    

    FrameTransformMatrix {
     0.991791,0.122353,0.037147,0.000000,-0.116635,0.984715,-0.129358,0.000000,-0.052406,0.123963,0.990902,0.000000,10.641220,-0.001088,-0.008808,1.000000;;
    }

    Frame Bip01_Spine1 {
     

     FrameTransformMatrix {
      0.882258,-0.113413,0.456902,0.000000,0.105376,0.993497,0.043131,0.000000,-0.458823,0.010093,0.888471,0.000000,11.159882,-0.000088,-0.007896,1.000000;;
     }

     Frame Bip01_Spine2 {
      

      FrameTransformMatrix {
       0.979562,0.077398,0.185657,0.000000,-0.078574,0.996908,-0.001025,0.000000,-0.185162,-0.013584,0.982614,0.000000,11.160042,0.000309,-0.022535,1.000000;;
      }

      Frame Bip01_Neck {
       

       FrameTransformMatrix {
        0.933325,-0.151683,0.325417,0.000000,0.155889,0.987685,0.013273,0.000000,-0.323423,0.038341,0.945478,0.000000,28.800691,-0.000412,-0.010132,1.000000;;
       }

       Frame Bip01_Head {
        

        FrameTransformMatrix {
         0.934503,-0.239497,-0.263336,0.000000,0.256244,0.966125,0.030671,0.000000,0.247070,-0.096141,0.964216,0.000000,13.458214,-0.000002,0.000008,1.000000;;
        }

        Frame Bip01_Ponytail1 {
         

         FrameTransformMatrix {
          -0.542807,-0.000003,-0.839857,0.000000,0.000001,1.000000,-0.000004,0.000000,0.839857,-0.000003,-0.542807,0.000000,4.465508,-0.000011,-6.740948,1.000000;;
         }

         Frame Bip01_Ponytail11 {
          

          FrameTransformMatrix {
           0.841360,-0.000001,-0.540475,0.000000,0.000002,1.000000,0.000000,0.000000,0.540475,-0.000001,0.841360,0.000000,8.074101,-0.000004,-0.005424,1.000000;;
          }

          Frame Bip01_Ponytail12 {
           

           FrameTransformMatrix {
            0.841359,-0.000002,-0.540476,0.000000,0.000001,1.000000,-0.000001,0.000000,0.540476,-0.000000,0.841359,0.000000,8.074089,0.000000,-0.005394,1.000000;;
           }
          }
         }
        }

        Frame jaw_bone {
         

         FrameTransformMatrix {
          -0.348776,0.000514,0.937206,0.000000,-0.000514,-1.000000,0.000358,0.000000,0.937206,-0.000357,0.348776,0.000000,-1.858139,0.000038,5.097120,1.000000;;
         }

         Frame jaw_bone_nub {
          

          FrameTransformMatrix {
           1.000000,0.000000,0.000000,0.000000,0.000000,1.000000,0.000000,0.000000,-0.000000,0.000000,1.000000,0.000000,11.648869,0.000011,0.000000,1.000000;;
          }
         }
        }
       }

       Frame Bip01_L_Clavicle {
        

        FrameTransformMatrix {
         -0.289846,0.953230,0.085683,0.000000,0.899825,0.301913,-0.314901,0.000000,-0.326042,-0.014173,-0.945249,0.000000,-2.909187,3.339485,2.638210,1.000000;;
        }

        Frame Bip01_L_UpperArm {
         

         FrameTransformMatrix {
          0.476853,-0.841337,0.254485,0.000000,0.864987,0.397701,-0.305993,0.000000,0.156234,0.366040,0.917391,0.000000,15.165568,-0.000008,-0.000002,1.000000;;
         }

         Frame Bip01_L_Forearm {
          

          FrameTransformMatrix {
           0.955606,0.000000,-0.294649,0.000000,-0.000000,1.000000,0.000000,0.000000,0.294649,0.000000,0.955606,0.000000,28.626579,0.000000,-0.000004,1.000000;;
          }

          Frame Bip01_L_Hand {
           

           FrameTransformMatrix {
            0.986193,-0.007452,0.165432,0.000000,-0.160984,0.191068,0.968286,0.000000,-0.038824,-0.981548,0.187230,0.000000,24.699925,-0.000011,0.000002,1.000000;;
           }

           Frame Bip01_L_Finger0 {
            

            FrameTransformMatrix {
             0.768268,-0.479912,0.423614,0.000000,0.527910,0.100727,-0.843306,0.000000,0.362044,0.871515,0.330736,0.000000,3.364571,-3.801449,0.702282,1.000000;;
            }

            Frame Bip01_L_Finger01 {
             

             FrameTransformMatrix {
              0.952453,-0.000000,0.304686,0.000000,0.000000,1.000000,0.000000,0.000000,-0.304685,-0.000000,0.952453,0.000000,3.898624,0.000002,0.000000,1.000000;;
             }

             Frame Bip01_L_Finger02 {
              

              FrameTransformMatrix {
               0.968160,0.000000,0.250335,0.000000,0.000000,1.000000,0.000000,0.000000,-0.250335,0.000000,0.968159,0.000000,3.397060,-0.000004,0.000000,1.000000;;
              }
             }
            }
           }

           Frame Bip01_L_Finger1 {
            

            FrameTransformMatrix {
             0.919354,-0.020668,0.392889,0.000000,0.085187,0.985386,-0.147501,0.000000,-0.384099,0.169074,0.907679,0.000000,11.574009,-3.747593,-0.002993,1.000000;;
            }

            Frame Bip01_L_Finger11 {
             

             FrameTransformMatrix {
              0.939092,0.000000,0.343667,0.000000,-0.000000,1.000000,-0.000000,0.000000,-0.343667,0.000000,0.939091,0.000000,4.087349,-0.000004,0.000005,1.000000;;
             }

             Frame Bip01_L_Finger12 {
              

              FrameTransformMatrix {
               0.992808,0.000000,0.119720,0.000000,-0.000000,1.000000,0.000000,0.000000,-0.119720,-0.000000,0.992808,0.000000,2.440948,-0.000002,0.000003,1.000000;;
              }
             }
            }
           }

           Frame Bip01_L_Finger2 {
            

            FrameTransformMatrix {
             0.839144,0.037123,0.542642,0.000000,-0.037890,0.999234,-0.009766,0.000000,-0.542589,-0.012365,0.839908,0.000000,11.373581,-1.343052,0.233137,1.000000;;
            }

            Frame Bip01_L_Finger21 {
             

             FrameTransformMatrix {
              0.956013,-0.000000,0.293323,0.000000,0.000000,1.000000,0.000000,0.000000,-0.293323,0.000000,0.956013,0.000000,4.640358,-0.000004,-0.000001,1.000000;;
             }

             Frame Bip01_L_Finger22 {
              

              FrameTransformMatrix {
               0.965579,0.000000,0.260110,0.000000,0.000000,1.000000,0.000000,0.000000,-0.260111,-0.000000,0.965579,0.000000,2.199745,0.000000,-0.000004,1.000000;;
              }
             }
            }
           }

           Frame Bip01_L_Finger3 {
            

            FrameTransformMatrix {
             0.714521,0.059651,0.697067,0.000000,-0.196357,0.973410,0.117975,0.000000,-0.671494,-0.221169,0.707234,0.000000,11.032200,1.102467,0.237055,1.000000;;
            }

            Frame Bip01_L_Finger31 {
             

             FrameTransformMatrix {
              0.882731,-0.000000,0.469878,0.000000,0.000000,1.000000,0.000000,0.000000,-0.469878,0.000000,0.882732,0.000000,4.384411,0.000004,-0.000006,1.000000;;
             }

             Frame Bip01_L_Finger32 {
              

              FrameTransformMatrix {
               0.882731,-0.000000,0.469878,0.000000,0.000000,1.000000,-0.000000,0.000000,-0.469878,0.000000,0.882731,0.000000,1.869709,-0.000004,0.000005,1.000000;;
              }
             }
            }
           }

           Frame Bip01_L_Finger4 {
            

            FrameTransformMatrix {
             0.611571,0.057674,0.789085,0.000000,-0.249684,0.960443,0.123316,0.000000,-0.750759,-0.272438,0.601779,0.000000,10.347015,3.586254,0.430149,1.000000;;
            }

            Frame Bip01_L_Finger41 {
             

             FrameTransformMatrix {
              0.866027,-0.000000,0.499998,0.000000,0.000000,1.000000,-0.000000,0.000000,-0.499998,0.000000,0.866027,0.000000,3.735672,0.000008,0.000000,1.000000;;
             }

             Frame Bip01_L_Finger42 {
              

              FrameTransformMatrix {
               0.866027,0.000000,0.499998,0.000000,0.000000,1.000000,-0.000000,0.000000,-0.499998,0.000000,0.866026,0.000000,1.518192,-0.000008,0.000004,1.000000;;
              }
             }
            }
           }
          }
         }

         Frame Bone_ShoulderL {
          

          FrameTransformMatrix {
           -0.997008,-0.024152,0.073430,0.000000,-0.076768,0.198045,-0.977182,0.000000,0.009058,-0.979895,-0.199307,0.000000,8.599190,0.208294,-0.633331,1.000000;;
          }
         }

         Frame Bip01_L_ForeTwist {
          

          FrameTransformMatrix {
           0.955606,0.000000,-0.294649,0.000000,-0.019121,0.997892,-0.062014,0.000000,0.294028,0.064895,0.953591,0.000000,28.626579,0.000000,-0.000004,1.000000;;
          }

          Frame Bip01_L_ForeTwist1 {
           

           FrameTransformMatrix {
            1.000000,-0.000000,0.000000,0.000000,0.000000,0.997892,-0.064895,0.000000,-0.000000,0.064895,0.997892,0.000000,12.349957,0.000000,0.000002,1.000000;;
           }
          }
         }
        }

        Frame Point01 {
         

         FrameTransformMatrix {
          0.857488,-0.507376,0.085343,0.000000,0.513818,0.835926,-0.192919,0.000000,0.026542,0.209277,0.977496,0.000000,15.165570,-0.000023,0.000008,1.000000;;
         }
        }
       }

       Frame Bip01_R_Clavicle {
        

        FrameTransformMatrix {
         -0.175444,-0.954690,0.240389,0.000000,-0.939104,0.235573,0.250176,0.000000,-0.295470,-0.181858,-0.937883,0.000000,-1.744148,-4.246673,2.343746,1.000000;;
        }

        Frame Bip01_R_UpperArm {
         

         FrameTransformMatrix {
          0.459277,0.858382,-0.228572,0.000000,-0.733910,0.511643,0.446764,0.000000,0.500441,-0.037437,0.864961,0.000000,15.165573,0.000008,0.000000,1.000000;;
         }

         Frame Bip01_R_Forearm {
          

          FrameTransformMatrix {
           0.771494,0.000000,-0.636236,0.000000,0.000000,1.000000,0.000000,0.000000,0.636237,-0.000000,0.771494,0.000000,28.629312,0.000004,0.000002,1.000000;;
          }

          Frame Bip01_R_Hand {
           

           FrameTransformMatrix {
            0.908832,-0.387545,0.154383,0.000000,-0.185505,-0.706922,-0.682532,0.000000,0.373648,0.591667,-0.714365,0.000000,24.703088,-0.000008,-0.000011,1.000000;;
           }

           Frame Bip01_R_Finger0 {
            

            FrameTransformMatrix {
             0.540302,0.274398,0.795475,0.000000,-0.108097,-0.914872,0.389005,0.000000,0.834500,-0.296168,-0.464645,0.000000,3.364574,3.801445,0.702287,1.000000;;
            }

            Frame Bip01_R_Finger01 {
             

             FrameTransformMatrix {
              0.857882,0.000000,0.513847,0.000000,-0.000000,1.000000,0.000000,0.000000,-0.513847,0.000000,0.857882,0.000000,3.898624,-0.000008,0.000004,1.000000;;
             }

             Frame Bip01_R_Finger02 {
              

              FrameTransformMatrix {
               0.927730,0.000000,0.373251,0.000000,-0.000000,1.000000,-0.000000,0.000000,-0.373251,0.000000,0.927731,0.000000,3.397068,0.000004,0.000008,1.000000;;
              }
             }
            }
           }

           Frame Bip01_R_Finger1 {
            

            FrameTransformMatrix {
             0.268987,-0.042973,0.962185,0.000000,-0.108427,0.991303,0.074585,0.000000,-0.957021,-0.124389,0.261988,0.000000,11.628269,3.756950,-0.185535,1.000000;;
            }

            Frame Bip01_R_Finger11 {
             

             FrameTransformMatrix {
              0.654036,0.000000,0.756463,0.000000,-0.000000,1.000000,-0.000000,0.000000,-0.756463,-0.000000,0.654036,0.000000,4.087349,0.000000,-0.000002,1.000000;;
             }

             Frame Bip01_R_Finger12 {
              

              FrameTransformMatrix {
               0.872913,0.000000,0.487875,0.000000,-0.000000,1.000000,-0.000000,0.000000,-0.487875,0.000000,0.872913,0.000000,2.440951,-0.000008,-0.000004,1.000000;;
              }
             }
            }
           }

           Frame Bip01_R_Finger2 {
            

            FrameTransformMatrix {
             0.396276,-0.023997,0.917818,0.000000,0.037890,0.999234,0.009766,0.000000,-0.917349,0.030906,0.396882,0.000000,11.431593,1.342629,0.051509,1.000000;;
            }

            Frame Bip01_R_Finger21 {
             

             FrameTransformMatrix {
              0.491810,0.000000,0.870703,0.000000,0.000000,1.000000,-0.000000,0.000000,-0.870703,0.000000,0.491810,0.000000,4.640359,0.000008,0.000000,1.000000;;
             }

             Frame Bip01_R_Finger22 {
              

              FrameTransformMatrix {
               0.833432,0.000000,0.552622,0.000000,0.000000,1.000000,-0.000000,0.000000,-0.552623,0.000000,0.833432,0.000000,2.199741,0.000008,0.000000,1.000000;;
              }
             }
            }
           }

           Frame Bip01_R_Finger3 {
            

            FrameTransformMatrix {
             0.608552,-0.040208,0.792495,0.000000,0.134068,0.989568,-0.052743,0.000000,-0.782107,0.138345,0.607593,0.000000,11.095192,-1.120552,0.057999,1.000000;;
            }

            Frame Bip01_R_Finger31 {
             

             FrameTransformMatrix {
              0.588574,0.000000,0.808443,0.000000,-0.000000,1.000000,-0.000000,0.000000,-0.808443,0.000000,0.588574,0.000000,4.384418,-0.000008,-0.000002,1.000000;;
             }

             Frame Bip01_R_Finger32 {
              

              FrameTransformMatrix {
               0.966729,-0.000000,0.255804,0.000000,-0.000000,1.000000,-0.000000,0.000000,-0.255804,-0.000000,0.966729,0.000000,1.869709,0.000000,0.000000,1.000000;;
              }
             }
            }
           }

           Frame Bip01_R_Finger4 {
            

            FrameTransformMatrix {
             0.739484,-0.084994,0.667787,0.000000,0.160708,0.985604,-0.052517,0.000000,-0.653710,0.146154,0.742497,0.000000,10.432066,-3.609131,0.261045,1.000000;;
            }

            Frame Bip01_R_Finger41 {
             

             FrameTransformMatrix {
              0.760851,0.000000,0.648927,0.000000,-0.000000,1.000000,-0.000000,0.000000,-0.648927,-0.000000,0.760851,0.000000,3.735674,0.000004,0.000000,1.000000;;
             }

             Frame Bip01_R_Finger42 {
              

              FrameTransformMatrix {
               0.966745,-0.000000,0.255742,0.000000,0.000000,1.000000,0.000000,0.000000,-0.255742,0.000000,0.966745,0.000000,1.518191,0.000000,0.000000,1.000000;;
              }
             }
            }
           }

           Frame Weapon {
            

            FrameTransformMatrix {
             -0.126548,0.230953,0.964700,0.000000,-0.010955,0.972134,-0.234170,0.000000,-0.991900,-0.040202,-0.120491,0.000000,9.992333,-14.769341,7.669860,1.000000;;
            }
           }
          }
         }

         Frame Bone_ShoulderR {
          

          FrameTransformMatrix {
           -0.985033,0.093563,0.144763,0.000000,-0.147013,-0.017582,-0.988978,0.000000,-0.089986,-0.995458,0.031073,0.000000,9.048981,-0.859512,-1.329857,1.000000;;
          }
         }

         Frame Bip01_R_ForeTwist {
          

          FrameTransformMatrix {
           0.771494,0.000000,-0.636236,0.000000,-0.168263,0.964395,-0.204034,0.000000,0.613583,0.264466,0.744025,0.000000,28.629312,0.000004,0.000002,1.000000;;
          }

          Frame Bip01_R_ForeTwist1 {
           

           FrameTransformMatrix {
            1.000000,0.000000,0.000000,0.000000,0.000000,0.964395,-0.264466,0.000000,0.000000,0.264466,0.964395,0.000000,12.351540,-0.000002,0.000000,1.000000;;
           }
          }
         }
        }

        Frame Point02 {
         

         FrameTransformMatrix {
          0.853224,0.489663,-0.179553,0.000000,-0.455875,0.867439,0.199319,0.000000,0.253351,-0.088210,0.963345,0.000000,15.165581,-0.000008,-0.000002,1.000000;;
         }
        }
       }
      }
     }
    }

    Frame Bip01_L_Thigh {
     

     FrameTransformMatrix {
      -0.794425,0.151080,0.588273,0.000000,-0.232208,-0.970537,-0.064329,0.000000,0.561221,-0.187706,0.806100,0.000000,-9.421310,10.352466,1.713543,1.000000;;
     }

     Frame Bip01_L_Calf {
      

      FrameTransformMatrix {
       -0.008402,-0.000000,-0.999965,0.000000,0.000000,1.000000,-0.000000,0.000000,0.999965,-0.000000,-0.008402,0.000000,46.264166,-0.000002,0.000000,1.000000;;
      }

      Frame Bip01_L_Foot {
       

       FrameTransformMatrix {
        0.983257,-0.007891,-0.182052,0.000000,0.015493,0.999065,0.040373,0.000000,0.181563,-0.042518,0.982460,0.000000,39.882950,-0.000001,-0.000015,1.000000;;
       }

       Frame Bip01_L_Toe0 {
        

        FrameTransformMatrix {
         -0.119053,-0.000000,0.992888,0.000000,0.000000,1.000000,0.000000,0.000000,-0.992888,0.000000,-0.119053,0.000000,12.767833,0.000004,14.936546,1.000000;;
        }
       }
      }
     }
    }

    Frame Bip01_R_Thigh {
     

     FrameTransformMatrix {
      -0.803336,-0.459879,0.378368,0.000000,0.329206,-0.872379,-0.361356,0.000000,0.496261,-0.165729,0.852208,0.000000,-11.685501,-7.870331,-0.580502,1.000000;;
     }

     Frame Bip01_R_Calf {
      

      FrameTransformMatrix {
       0.271016,0.000000,-0.962575,0.000000,-0.000000,1.000000,0.000000,0.000000,0.962575,0.000000,0.271016,0.000000,46.264173,0.000001,-0.000004,1.000000;;
      }

      Frame Bip01_R_Foot {
       

       FrameTransformMatrix {
        0.892939,-0.079314,-0.443136,0.000000,0.129096,0.988130,0.083275,0.000000,0.431271,-0.131567,0.892578,0.000000,39.882947,0.000000,-0.000004,1.000000;;
       }

       Frame Bip01_R_Toe0 {
        

        FrameTransformMatrix {
         -0.075563,0.000000,0.997141,0.000000,-0.000000,1.000000,-0.000000,0.000000,-0.997141,-0.000000,-0.075563,0.000000,12.767832,-0.000007,14.936546,1.000000;;
        }
       }
      }
     }
    }
   }
  }
 }

 Frame char_TK_Baha {
  

  FrameTransformMatrix {
   1.000000,0.000000,0.000000,0.000000,0.000000,1.000000,0.000000,0.000000,0.000000,0.000000,1.000000,0.000000,0.000000,0.000000,0.000000,1.000000;;
  }

  Mesh char_TK_Baha {
   5978;
   2.889994;187.000461;-7.421924;,
   3.797298;187.783155;-5.458159;,
   3.324333;186.187917;-6.244492;,
   11.984417;178.539328;-0.851903;,
   12.444992;179.253760;-1.989253;,
   13.110836;178.758682;-0.710765;,
   12.775606;177.945882;-0.212537;,
   12.087171;177.618650;-0.397157;,
   12.670421;176.893555;-0.667040;,
   13.161847;178.534963;0.451363;,
   11.432989;178.020941;-1.068588;,
   11.393393;177.295821;-0.721942;,
   12.177780;176.558810;-1.034579;,
   11.393393;177.295821;-0.721942;,
   13.221122;176.075866;-0.807690;,
   13.283063;177.249664;-0.246545;,
   13.244197;177.822477;0.451363;,
   12.775603;177.945882;1.101659;,
   13.221122;176.075866;-0.807690;,
   12.675525;175.832243;-1.332883;,
   11.277763;177.497920;-1.171101;,
   11.647732;176.849818;-1.775971;,
   11.741983;176.138304;-1.801477;,
   12.260132;175.337651;-2.262781;,
   13.080227;175.179750;-1.560013;,
   12.755931;174.658189;-2.408289;,
   13.250758;174.718938;-1.347944;,
   12.921361;174.100710;-2.098323;,
   11.320761;177.574221;-1.921723;,
   11.527729;176.648922;-2.946601;,
   11.240114;177.505216;-2.985954;,
   11.152178;176.798554;-4.113831;,
   11.462384;175.883968;-2.961662;,
   11.771622;175.016512;-3.508474;,
   12.755931;174.658189;-2.408289;,
   11.047237;176.006899;-4.319341;,
   11.826767;173.942810;-3.851963;,
   11.086103;175.041779;-4.869069;,
   10.551438;176.717926;-5.067778;,
   10.317266;176.976141;-5.333533;,
   10.651522;177.405376;-4.718216;,
   10.908286;177.461978;-4.188408;,
   10.941566;178.001498;-4.243794;,
   10.671198;173.960038;-5.161788;,
   9.372551;178.178342;-5.973628;,
   10.182930;177.718016;-5.485843;,
   10.838082;178.592525;-4.424768;,
   11.432264;178.576512;-3.377055;,
   11.618582;178.543462;-1.984639;,
   11.402870;179.140314;-3.512361;,
   11.618582;178.543462;-1.984639;,
   13.516027;179.507610;-0.722425;,
   13.183470;179.781619;-2.136461;,
   12.227825;179.748109;-3.761596;,
   10.966102;179.052608;-4.922998;,
   12.731397;180.683354;-2.419949;,
   11.752675;180.619443;-4.044355;,
   10.415646;179.749299;-5.310212;,
   7.963858;180.023808;-5.648118;,
   7.428706;178.251226;-5.867475;,
   6.862218;179.452941;-6.086588;,
   6.844486;178.738035;-6.576801;,
   11.560282;183.053005;-4.071563;,
   9.959684;181.126912;-4.791579;,
   9.355301;182.864986;-4.824130;,
   11.688301;181.666931;-3.988970;,
   12.465644;181.719629;-2.628861;,
   13.206062;181.505613;-0.991823;,
   13.270434;180.330867;-0.801374;,
   13.419100;181.315430;0.451363;,
   13.213832;180.078234;0.451363;,
   13.242738;180.391590;1.702886;,
   13.206058;181.505613;1.881189;,
   12.731389;180.683354;3.309314;,
   13.668578;182.976499;0.451364;,
   13.274564;183.153101;-1.349158;,
   12.511070;183.142912;-2.774370;,
   12.103692;184.900659;-2.984010;,
   12.265466;179.734746;4.673551;,
   11.752662;180.619443;4.933718;,
   13.183463;179.781619;3.025827;,
   13.509221;179.388339;1.635355;,
   12.444987;179.253760;2.878617;,
   11.402861;179.140314;4.401722;,
   11.101149;179.016422;5.923857;,
   10.415629;179.749299;6.199571;,
   9.959671;181.126912;5.680935;,
   7.963841;180.023808;6.537468;,
   11.618575;178.543462;2.874000;,
   11.432986;178.020941;1.957949;,
   11.320754;177.574221;2.811084;,
   11.277759;177.497920;2.060461;,
   11.984413;178.539328;1.741265;,
   13.272131;178.704742;1.479400;,
   13.295211;179.269299;0.451363;,
   11.393389;177.295821;1.611302;,
   12.087168;177.618650;1.286277;,
   13.597888;177.199859;0.451364;,
   13.283061;177.249664;1.135911;,
   12.670418;176.893555;1.556404;,
   12.177776;176.558810;1.923941;,
   11.647725;176.849818;2.665332;,
   14.571997;175.557222;-0.423632;,
   13.936763;174.955046;-0.940323;,
   13.619510;175.492621;-0.951498;,
   13.975387;176.268275;-0.334967;,
   14.377904;176.146330;0.451365;,
   13.975384;176.268275;1.224092;,
   13.221118;176.075866;1.697056;,
   14.930304;175.445018;0.451366;,
   15.006338;174.936346;-0.521528;,
   14.571995;175.557222;1.312759;,
   13.619506;175.492621;1.840865;,
   12.675519;175.832243;2.222247;,
   11.741978;176.138304;2.690596;,
   11.527719;176.648922;3.835962;,
   11.462376;175.883968;3.851023;,
   12.260124;175.337651;3.151901;,
   13.080222;175.179750;2.449378;,
   13.250753;174.718938;2.237067;,
   12.755924;174.658189;3.297654;,
   12.921354;174.100710;2.987689;,
   12.511788;173.187072;4.269576;,
   11.826754;173.942810;4.741325;,
   11.771612;175.016512;4.397836;,
   11.086089;175.041779;5.758429;,
   10.671181;173.960038;6.051147;,
   11.151190;172.285376;5.302469;,
   10.489476;172.689088;6.054061;,
   9.613023;174.431795;6.858610;,
   9.877319;175.797491;6.739823;,
   10.551422;176.339686;5.957135;,
   10.317247;176.976141;6.222890;,
   11.152166;176.798554;5.003191;,
   10.651506;177.405376;5.607574;,
   8.000521;175.373107;7.215214;,
   8.676810;176.916864;6.744678;,
   8.962726;172.689818;6.505890;,
   6.984387;173.337446;7.037882;,
   7.085928;175.838054;7.204038;,
   6.714990;177.579558;7.235374;,
   5.383545;177.271296;7.808177;,
   5.691083;175.414157;7.249949;,
   6.929244;172.224870;7.161770;,
   9.372532;178.178342;6.862739;,
   7.041959;178.585971;6.815123;,
   6.130767;179.550131;7.536838;,
   3.755010;178.863629;8.002998;,
   3.662215;178.401357;8.416202;,
   4.363038;176.651853;7.916761;,
   4.436400;175.053440;7.638375;,
   4.912038;173.991642;7.704936;,
   5.254554;172.352896;7.740646;,
   5.155686;171.614899;7.543151;,
   3.595413;172.100493;6.496408;,
   5.743069;166.422490;4.717510;,
   5.628154;168.009459;6.758035;,
   4.809040;167.732557;4.884638;,
   4.150974;169.430067;5.181970;,
   4.920782;169.589696;6.913504;,
   7.062608;170.310912;7.172945;,
   8.955923;170.939571;6.810026;,
   10.341534;171.552934;6.390991;,
   11.302761;170.388608;6.020782;,
   10.703478;170.019622;6.612290;,
   9.311550;169.384154;6.985900;,
   7.662374;168.563354;7.096669;,
   6.912477;166.234675;6.361592;,
   6.651101;165.301184;4.218796;,
   8.296874;164.938739;5.732674;,
   11.478872;168.884211;6.572696;,
   10.277877;168.026214;6.981529;,
   8.934050;167.139558;6.772858;,
   10.224925;165.928883;6.169933;,
   10.771490;164.686797;4.963838;,
   12.066491;165.569830;5.101818;,
   11.681708;167.111629;6.385892;,
   13.322141;166.955674;5.369275;,
   14.079566;166.179533;3.964471;,
   9.026362;163.941286;4.417995;,
   8.296874;164.938739;5.732674;,
   11.329478;164.021914;3.545430;,
   12.946834;165.043149;3.748270;,
   13.749197;164.868506;2.091801;,
   15.091814;166.216218;2.221279;,
   14.284838;164.864141;0.451365;,
   16.075882;166.494374;0.451367;,
   11.782041;163.686950;0.451361;,
   11.581633;163.721190;1.940459;,
   9.235760;163.485325;3.245178;,
   7.003095;164.397261;2.120943;,
   11.581638;163.721203;-1.051098;,
   12.992026;165.043149;-2.858904;,
   13.749202;164.868506;-1.202434;,
   9.378114;163.179021;0.451358;,
   9.342403;163.214976;1.673973;,
   7.105366;164.210214;0.451354;,
   9.342407;163.214963;-0.784618;,
   11.329487;164.021926;-2.656069;,
   9.235768;163.485325;-2.356067;,
   7.003100;164.397274;-1.231594;,
   9.026373;163.941299;-3.528640;,
   6.651112;165.301197;-3.329449;,
   8.296890;164.938726;-4.843566;,
   10.771503;164.686797;-4.074479;,
   12.066503;165.569830;-4.212455;,
   14.243787;166.179533;-3.075102;,
   15.091819;166.216230;-1.331909;,
   15.810864;167.258099;-2.420674;,
   16.584317;167.613248;-1.232552;,
   15.898314;168.338611;-2.352170;,
   15.027205;168.016755;-3.284740;,
   15.333283;169.016845;-2.970644;,
   14.406061;168.795302;-3.872850;,
   14.453674;169.768922;-3.632602;,
   13.471795;169.762867;-4.362092;,
   13.913174;170.572262;-3.740459;,
   14.776754;167.009843;-3.368062;,
   13.893984;167.875853;-4.295530;,
   13.402319;168.881779;-4.549383;,
   12.663848;169.859034;-4.744934;,
   12.906526;170.512755;-4.421365;,
   12.055583;170.529754;-4.803236;,
   12.577368;170.921357;-4.313023;,
   13.322155;166.955674;-4.479907;,
   12.673318;168.069952;-5.203324;,
   12.279550;169.316147;-5.101299;,
   11.652096;171.200922;-4.782832;,
   11.302776;170.388608;-5.131665;,
   11.478890;168.884211;-5.683578;,
   11.681726;167.111629;-5.496530;,
   10.277896;168.026214;-6.092170;,
   10.224940;165.928858;-5.280577;,
   8.934069;167.139571;-5.883504;,
   6.912494;166.234701;-5.472488;,
   7.662394;168.563354;-6.207562;,
   9.311571;169.384154;-6.096788;,
   10.703497;170.021107;-5.722932;,
   10.341552;171.597171;-5.501633;,
   8.955943;170.940800;-5.920672;,
   7.062627;170.310912;-6.283597;,
   5.628173;168.009459;-5.868692;,
   5.743080;166.422490;-3.828165;,
   4.920801;169.589658;-6.024160;,
   4.809055;167.732544;-3.995538;,
   4.150988;169.430080;-4.292630;,
   3.595431;172.100493;-5.607069;,
   5.238542;171.695795;-6.655995;,
   6.929262;172.224870;-6.272666;,
   8.962744;172.689818;-5.616535;,
   5.254575;172.352896;-6.851546;,
   6.984406;173.337434;-6.148534;,
   8.422006;175.124109;-6.311045;,
   9.613041;174.431795;-5.969254;,
   10.489493;172.689088;-5.164702;,
   9.877338;175.797491;-5.850466;,
   4.706061;175.052954;-6.610813;,
   4.960399;173.761088;-6.820694;,
   10.909981;171.552448;-4.943646;,
   11.151204;172.285376;-4.413108;,
   12.210821;171.118861;-4.045568;,
   12.511798;173.187072;-3.380454;,
   12.047337;171.775962;-3.688963;,
   13.088246;170.891725;-3.215511;,
   12.394956;170.672115;-3.757466;,
   13.216750;170.486054;-2.961538;,
   11.176708;171.059110;-4.331730;,
   13.996523;171.036250;-2.293629;,
   13.905670;170.694976;-2.098200;,
   12.962899;171.672960;-2.845544;,
   12.421431;172.682035;-2.728944;,
   12.752772;173.787328;-1.717668;,
   13.020957;172.545536;-2.217354;,
   13.663478;171.655706;-2.072330;,
   14.529245;171.315878;-1.344298;,
   14.404870;170.957082;-1.209113;,
   14.800827;171.363238;-0.347598;,
   14.539688;171.723968;0.451365;,
   14.983747;171.454106;0.451366;,
   14.480902;171.778867;-0.340068;,
   14.255472;172.179443;0.451365;,
   14.359443;172.329805;-0.272293;,
   14.596288;171.055206;-0.275815;,
   14.728923;171.140467;0.472621;,
   14.880018;171.363238;1.236968;,
   14.480899;171.778867;1.229437;,
   14.359442;172.329805;1.161662;,
   14.336363;172.838976;0.907325;,
   14.315229;172.865446;1.229194;,
   14.688110;171.055206;1.208425;,
   13.649146;172.484557;-1.615641;,
   14.189643;171.774016;-1.248102;,
   14.058709;172.455642;-1.087533;,
   14.315230;172.865446;-0.339825;,
   14.336365;172.838976;-0.018199;,
   14.268590;172.813235;0.451365;,
   14.664061;173.301978;0.854126;,
   14.933462;173.205043;0.451366;,
   14.664062;173.301978;0.035244;,
   14.386650;173.231053;-0.286626;,
   14.099518;173.033792;-0.793114;,
   13.645987;173.090394;-1.241545;,
   13.171565;173.202854;-1.637504;,
   15.810888;174.129613;0.451367;,
   15.212334;173.662720;-0.268405;,
   15.313387;174.174541;-0.534645;,
   14.663579;173.794368;-0.948096;,
   14.384221;173.540045;-0.304602;,
   14.301869;173.673152;-0.644932;,
   14.112880;173.416154;-0.843155;,
   14.123082;173.554381;-1.197089;,
   13.808014;173.889114;-1.457743;,
   13.206546;173.356390;-1.501955;,
   12.908969;173.845645;-1.431752;,
   13.397480;174.440038;-1.375150;,
   14.309402;174.681024;-1.031661;,
   14.726496;174.151706;-1.156764;,
   15.367802;174.785242;0.451366;,
   15.006336;174.936346;1.410899;,
   13.936758;174.955046;1.829691;,
   13.397475;174.440038;2.264517;,
   14.309398;174.681024;1.921029;,
   12.908964;173.845645;2.320873;,
   12.752038;173.784422;2.608004;,
   13.808010;173.889114;2.347110;,
   14.726491;174.151706;2.046134;,
   15.313386;174.174541;1.424017;,
   15.503594;173.608064;0.451366;,
   14.664062;173.301978;0.035244;,
   15.212331;173.662720;1.157777;,
   14.663576;173.794368;1.837465;,
   14.123077;173.554381;2.086457;,
   14.386648;173.231053;1.175995;,
   14.099515;173.033792;1.682239;,
   14.112877;173.416154;1.732523;,
   14.301867;173.673152;1.534301;,
   14.384218;173.540045;1.193728;,
   10.430707;176.102605;-5.389890;,
   11.519229;175.979443;-4.451732;,
   10.699618;176.814835;-4.980084;,
   11.457529;175.531251;-4.728175;,
   12.095192;175.703731;-3.785888;,
   12.178027;175.186304;-3.896174;,
   12.433335;175.670438;-3.044011;,
   12.601191;175.144538;-2.967733;,
   11.538422;179.896755;-4.852307;,
   10.845614;179.033434;-5.002433;,
   11.583847;179.468019;-4.551329;,
   10.613870;179.352858;-5.417097;,
   9.809076;178.346675;-5.261386;,
   9.313278;178.493414;-5.740910;,
   9.497410;177.669184;-5.365114;,
   8.921206;177.645862;-5.868687;,
   9.337813;176.847872;-5.743583;,
   9.828753;177.032256;-5.263330;,
   15.611933;174.553011;3.236928;,
   15.488038;174.270246;5.267251;,
   15.557760;174.191782;4.224640;,
   15.234915;175.239014;6.813922;,
   15.357592;174.616909;6.103867;,
   15.083091;176.118643;7.296359;,
   15.678493;175.240474;2.418045;,
   15.065114;177.216397;7.456443;,
   15.737525;176.149722;1.883136;,
   15.183174;178.225958;7.283486;,
   15.690397;177.227290;1.653820;,
   15.774205;178.403046;1.832609;,
   15.290787;179.103885;6.842343;,
   15.387229;179.752230;6.141276;,
   15.841734;179.356262;2.225653;,
   15.678005;180.247526;4.058968;,
   15.528365;180.170048;5.158666;,
   15.817686;180.035238;3.071257;,
   13.818213;174.900134;3.239354;,
   14.065018;174.166541;4.063825;,
   13.723958;174.598413;4.109250;,
   14.237250;175.268416;2.181925;,
   13.901048;175.561856;2.487518;,
   14.159030;174.523622;3.042347;,
   16.098499;174.137395;3.061054;,
   16.036312;173.723456;4.198891;,
   16.174290;174.923712;2.126542;,
   16.197614;176.003238;1.499324;,
   14.289966;176.174746;1.599889;,
   16.233808;177.219789;1.221666;,
   14.164373;179.879757;2.983317;,
   16.361827;179.624448;1.889938;,
   14.251584;179.208064;2.031801;,
   16.283608;178.513088;1.426205;,
   14.294094;178.261670;1.557864;,
   14.312800;177.206426;1.347739;,
   13.968094;177.212979;1.756086;,
   13.946234;176.345523;1.974471;,
   13.957408;178.103770;1.941920;,
   13.929470;178.908813;2.341523;,
   13.847850;179.472141;3.166964;,
   14.068661;180.199437;4.019613;,
   13.733918;179.760486;4.074270;,
   13.964690;180.177318;5.130729;,
   13.616099;179.746394;5.031616;,
   13.865579;179.749299;6.178928;,
   13.793915;179.135936;6.929306;,
   15.592248;178.323366;7.815480;,
   15.720755;179.370112;7.288343;,
   15.833227;180.129728;6.472377;,
   15.995742;180.609485;5.342071;,
   16.167973;180.700326;4.075730;,
   16.332187;180.439206;2.909230;,
   13.506542;179.361843;5.958599;,
   13.415689;178.849536;6.605979;,
   13.743872;178.197299;7.447454;,
   13.352286;178.037466;7.059024;,
   13.722981;177.142797;7.662194;,
   13.326779;177.123354;7.248502;,
   13.347913;176.199040;7.097649;,
   13.739987;176.054976;7.489237;,
   13.410102;175.441869;6.620798;,
   13.963232;174.204915;5.156235;,
   15.796302;174.231872;6.449542;,
   13.872381;174.531891;6.118441;,
   15.650550;174.972045;7.289316;,
   13.793915;175.159590;6.936351;,
   15.500182;175.975309;7.850703;,
   15.480992;177.174362;8.022446;,
   13.505086;174.907200;5.903455;,
   13.609299;174.626125;5.053236;,
   13.723958;174.598413;4.109250;,
   14.065018;174.166541;4.063825;,
   16.036312;173.723456;4.198891;,
   15.952259;173.821594;5.444584;,
   12.882735;179.537715;-1.163811;,
   12.693986;178.510182;-1.240817;,
   12.927674;178.698445;-0.705907;,
   12.658521;179.180877;-1.603496;,
   12.833907;180.127782;-2.042209;,
   12.619410;179.652147;-2.303591;,
   12.584916;180.439450;-2.979151;,
   12.420217;179.901389;-3.052027;,
   12.269610;180.413453;-3.946943;,
   12.168068;179.880499;-3.826213;,
   12.601191;175.144538;-2.967733;,
   12.657549;175.897318;-2.312093;,
   12.433335;175.670438;-3.044011;,
   12.882006;175.428006;-2.049496;,
   12.762002;176.463078;-1.680502;,
   13.012696;176.135898;-1.255635;,
   12.733825;177.095642;-1.261951;,
   12.977474;176.927795;-0.729227;,
   12.694472;177.810086;-1.085834;,
   12.928158;177.821990;-0.509385;,
   1.132478;182.026931;-11.598932;,
   2.468778;179.965760;-11.596745;,
   0.692792;180.147456;-11.660393;,
   2.979152;181.750490;-11.315930;,
   4.402419;179.463872;-11.051145;,
   4.884614;181.287962;-10.627493;,
   5.998158;180.815731;-9.789661;,
   5.562360;178.871398;-10.240276;,
   6.876553;180.199923;-8.695062;,
   6.450959;178.181005;-9.130134;,
   7.727014;179.605990;-7.607266;,
   7.319638;177.577114;-7.997882;,
   8.784443;179.215130;-6.750242;,
   8.443869;177.226598;-7.090331;,
   9.640491;177.063808;-6.356469;,
   9.897987;178.971725;-6.060835;,
   9.640491;177.063808;-6.356469;,
   9.808591;178.890829;-5.648114;,
   9.585592;176.969101;-5.952250;,
   9.897987;178.971725;-6.060835;,
   5.998158;180.815731;-9.789661;,
   4.669144;181.242765;-10.191451;,
   5.714912;180.787059;-9.392486;,
   4.884614;181.287962;-10.627493;,
   2.888786;181.692198;-10.845636;,
   2.979152;181.750490;-11.315930;,
   1.267054;181.856627;-11.161678;,
   1.132478;182.026931;-11.598932;,
   9.897987;178.971725;-6.060835;,
   9.314249;178.911718;-5.884476;,
   9.808591;178.890829;-5.648114;,
   9.118456;178.974886;-6.073711;,
   8.784443;179.215130;-6.750242;,
   8.292774;179.193997;-6.514368;,
   7.727014;179.605990;-7.607266;,
   7.346358;179.599667;-7.286855;,
   6.544238;180.193843;-8.336757;,
   6.876553;180.199923;-8.695062;,
   9.089064;176.993869;-6.130555;,
   9.640491;177.063808;-6.356469;,
   9.585592;176.969101;-5.952250;,
   8.863876;177.038336;-6.357443;,
   8.443869;177.226598;-7.090331;,
   7.969933;177.201818;-6.836481;,
   7.319638;177.577114;-7.997882;,
   6.953800;177.570074;-7.665082;,
   6.120587;178.167398;-8.770126;,
   6.450959;178.181005;-9.130134;,
   5.280329;178.838848;-9.843832;,
   5.562360;178.871398;-10.240276;,
   4.205166;179.406310;-10.612676;,
   4.402419;179.463872;-11.051145;,
   2.429910;179.915469;-11.123294;,
   2.468778;179.965760;-11.596745;,
   0.923078;180.235635;-11.241356;,
   0.692792;180.147456;-11.660393;,
   13.986082;180.375565;-5.142835;,
   13.736358;180.372403;-3.995525;,
   14.084949;180.803584;-4.094393;,
   13.626803;179.988096;-4.922508;,
   13.914178;179.762176;-5.893214;,
   13.536195;179.475789;-5.569888;,
   13.864136;178.823552;-6.411120;,
   13.472550;178.663693;-6.022934;,
   13.843248;177.769037;-6.626104;,
   13.447042;177.749606;-6.212412;,
   13.468178;176.825293;-6.061558;,
   13.860251;176.681229;-6.453144;,
   13.530365;176.068096;-5.584707;,
   15.953490;180.755981;-5.436279;,
   16.116000;181.235738;-4.305973;,
   15.841019;179.996339;-6.252246;,
   15.712758;178.949619;-6.779141;,
   15.601258;177.800602;-6.986350;,
   15.620448;176.601306;-6.814608;,
   13.914178;175.785587;-5.900258;,
   13.625346;175.533427;-4.867365;,
   13.992642;175.158131;-5.082348;,
