xof 0303txt 0032
template ColorRGBA {
 <35ff44e0-6c7c-11cf-8f52-0040333594a3>
 FLOAT red;
 FLOAT green;
 FLOAT blue;
 FLOAT alpha;
}

template ColorRGB {
 <d3e16e81-7835-11cf-8f52-0040333594a3>
 FLOAT red;
 FLOAT green;
 FLOAT blue;
}

template Material {
 <3d82ab4d-62da-11cf-ab39-0020af71e433>
 ColorRGBA faceColor;
 FLOAT power;
 ColorRGB specularColor;
 ColorRGB emissiveColor;
 [...]
}

template TextureFilename {
 <a42790e1-7810-11cf-8f52-0040333594a3>
 STRING filename;
}

template Frame {
 <3d82ab46-62da-11cf-ab39-0020af71e433>
 [...]
}

template Matrix4x4 {
 <f6f23f45-7686-11cf-8f52-0040333594a3>
 array FLOAT matrix[16];
}

template FrameTransformMatrix {
 <f6f23f41-7686-11cf-8f52-0040333594a3>
 Matrix4x4 frameMatrix;
}

template Vector {
 <3d82ab5e-62da-11cf-ab39-0020af71e433>
 FLOAT x;
 FLOAT y;
 FLOAT z;
}

template MeshFace {
 <3d82ab5f-62da-11cf-ab39-0020af71e433>
 DWORD nFaceVertexIndices;
 array DWORD faceVertexIndices[nFaceVertexIndices];
}

template Mesh {
 <3d82ab44-62da-11cf-ab39-0020af71e433>
 DWORD nVertices;
 array Vector vertices[nVertices];
 DWORD nFaces;
 array MeshFace faces[nFaces];
 [...]
}

template MeshMaterialList {
 <f6f23f42-7686-11cf-8f52-0040333594a3>
 DWORD nMaterials;
 DWORD nFaceIndexes;
 array DWORD faceIndexes[nFaceIndexes];
 [Material <3d82ab4d-62da-11cf-ab39-0020af71e433>]
}

template VertexElement {
 <f752461c-1e23-48f6-b9f8-8350850f336f>
 DWORD Type;
 DWORD Method;
 DWORD Usage;
 DWORD UsageIndex;
}

template DeclData {
 <bf22e553-292c-4781-9fea-62bd554bdd93>
 DWORD nElements;
 array VertexElement Elements[nElements];
 DWORD nDWords;
 array DWORD data[nDWords];
}

template XSkinMeshHeader {
 <3cf169ce-ff7c-44ab-93c0-f78f62d172e2>
 WORD nMaxSkinWeightsPerVertex;
 WORD nMaxSkinWeightsPerFace;
 WORD nBones;
}

template SkinWeights {
 <6f0d123b-bad2-4167-a0d0-80224f25fabb>
 STRING transformNodeName;
 DWORD nWeights;
 array DWORD vertexIndices[nWeights];
 array FLOAT weights[nWeights];
 Matrix4x4 matrixOffset;
}

template AnimTicksPerSecond {
 <9e415a43-7ba6-4a73-8743-b73d47e88476>
 DWORD AnimTicksPerSecond;
}

template Animation {
 <3d82ab4f-62da-11cf-ab39-0020af71e433>
 [...]
}

template AnimationSet {
 <3d82ab50-62da-11cf-ab39-0020af71e433>
 [Animation <3d82ab4f-62da-11cf-ab39-0020af71e433>]
}

template FloatKeys {
 <10dd46a9-775b-11cf-8f52-0040333594a3>
 DWORD nValues;
 array FLOAT values[nValues];
}

template TimedFloatKeys {
 <f406b180-7b3b-11cf-8f52-0040333594a3>
 DWORD time;
 FloatKeys tfkeys;
}

template AnimationKey {
 <10dd46a8-775b-11cf-8f52-0040333594a3>
 DWORD keyType;
 DWORD nKeys;
 array TimedFloatKeys keys[nKeys];
}


Material Material__59 {
 1.000000;1.000000;1.000000;1.000000;;
 10.000000;
 0.000000;0.000000;0.000000;;
 0.000000;0.000000;0.000000;;

 TextureFilename {
  "ID_2_D_bloody.tga";
 }
}

Material Material__35 {
 1.000000;1.000000;1.000000;1.000000;;
 10.000000;
 0.000000;0.000000;0.000000;;
 0.000000;0.000000;0.000000;;

 TextureFilename {
  "ID_2_D.tga";
 }
}

Material Material__85 {
 1.000000;1.000000;1.000000;1.000000;;
 10.000000;
 0.000000;0.000000;0.000000;;
 0.000000;0.000000;0.000000;;

 TextureFilename {
  "id_3_D.tga";
 }
}

Material Material__145 {
 1.000000;1.000000;1.000000;1.000000;;
 10.000000;
 0.000000;0.000000;0.000000;;
 0.000000;0.000000;0.000000;;

 TextureFilename {
  "headless_D.tga";
 }
}

Frame root {
 

 FrameTransformMatrix {
  1.000000,0.000000,0.000000,0.000000,0.000000,1.000000,0.000000,0.000000,0.000000,0.000000,1.000000,0.000000,0.000000,0.000000,0.000000,1.000000;;
 }

 Frame Hero-Root {
  

  FrameTransformMatrix {
   1.000000,0.000000,0.000000,0.000000,0.000000,1.000000,0.000000,0.000000,0.000000,0.000000,1.000000,0.000000,0.000000,0.000000,0.000000,1.000000;;
  }

  Frame Hero-Camera {
   

   FrameTransformMatrix {
    0.000000,0.000000,-1.000000,0.000000,-0.000000,1.000000,-0.000000,0.000000,1.000000,0.000000,0.000000,0.000000,-2.412767,168.254874,-20.812472,1.000000;;
   }
  }

  Frame Hero {
   

   FrameTransformMatrix {
    -0.069843,0.038331,-0.996821,0.000000,-0.037937,0.998437,0.041051,0.000000,0.996836,0.040684,-0.068279,0.000000,0.000000,91.268090,-0.000000,1.000000;;
   }

   Frame Hero-Pelvis {
    

    FrameTransformMatrix {
     0.000000,1.000000,0.000000,0.000000,0.000023,-0.000000,1.000000,0.000000,1.000000,0.000000,-0.000023,0.000000,0.000000,0.000000,0.000000,1.000000;;
    }

    Frame Hero-Spine {
     

     FrameTransformMatrix {
      0.999648,0.026346,0.003298,0.000000,-0.026227,0.999141,-0.032069,0.000000,-0.004140,0.031972,0.999480,0.000000,8.449951,0.005733,0.066008,1.000000;;
     }

     Frame Hero-Spine1 {
      

      FrameTransformMatrix {
       0.999827,-0.000037,0.018613,0.000000,-0.000988,0.998483,0.055050,0.000000,-0.018586,-0.055059,0.998310,0.000000,15.144333,-0.000000,-0.013381,1.000000;;
      }

      Frame Hero-Spine2 {
       

       FrameTransformMatrix {
        0.999478,0.002882,0.032192,0.000000,-0.004630,0.998509,0.054387,0.000000,-0.031987,-0.054508,0.998001,0.000000,16.880286,-0.000017,-0.015119,1.000000;;
       }

       Frame Hero-Neck {
        

        FrameTransformMatrix {
         0.987438,-0.017173,0.157070,0.000000,0.017391,0.999849,-0.000013,0.000000,-0.157046,0.002745,0.987588,0.000000,18.983338,-0.003851,-0.913618,1.000000;;
        }
       }

       Frame Hero-L-Clavicle {
        

        FrameTransformMatrix {
         -0.396230,0.896999,-0.195945,0.000000,0.918151,0.386922,-0.085386,0.000000,-0.000776,-0.213739,-0.976890,0.000000,19.363587,6.154344,0.073166,1.000000;;
        }

        Frame Hero-L-UpperArm {
         

         FrameTransformMatrix {
          0.589754,-0.798481,0.120907,0.000000,0.748426,0.484146,-0.453280,0.000000,0.303399,0.357813,0.883130,0.000000,15.520333,-0.000031,-0.000036,1.000000;;
         }

         Frame Hero-L-Forearm {
          

          FrameTransformMatrix {
           0.933471,-0.000000,-0.358652,0.000000,0.000000,1.000000,0.000000,0.000000,0.358652,0.000000,0.933472,0.000000,28.332237,-0.000004,-0.000004,1.000000;;
          }

          Frame Hero-L-Hand {
           

           FrameTransformMatrix {
            0.977855,-0.144357,0.151525,0.000000,-0.167305,-0.104244,0.980379,0.000000,-0.125729,-0.984019,-0.126087,0.000000,29.847824,-0.014839,-0.008741,1.000000;;
           }

           Frame Hero-L-Finger0 {
            

            FrameTransformMatrix {
             0.844716,-0.439743,0.305094,0.000000,0.242513,-0.193687,-0.950617,0.000000,0.477120,0.876990,-0.056967,0.000000,2.620773,-2.024250,1.309212,1.000000;;
            }

            Frame Hero-L-Finger01 {
             

             FrameTransformMatrix {
              0.928033,0.061676,0.367357,0.000000,-0.062876,0.997983,-0.008715,0.000000,-0.367154,-0.015010,0.930039,0.000000,5.137940,-0.000002,0.000000,1.000000;;
             }

             Frame Hero-L-Finger02 {
              

              FrameTransformMatrix {
               0.996995,0.000000,0.077473,0.000000,-0.000000,1.000000,-0.000002,0.000000,-0.077473,0.000002,0.996995,0.000000,3.571129,0.000002,0.000002,1.000000;;
              }
             }
            }
           }

           Frame Hero-L-Finger1 {
            

            FrameTransformMatrix {
             0.969893,-0.037805,0.240578,0.000000,0.041976,0.999044,-0.012236,0.000000,-0.239886,0.021966,0.970553,0.000000,10.645226,-3.175125,-0.206331,1.000000;;
            }

            Frame Hero-L-Finger11 {
             

             FrameTransformMatrix {
              0.990633,0.000000,0.136554,0.000000,-0.000000,1.000000,-0.000001,0.000000,-0.136554,0.000001,0.990633,0.000000,4.162720,-0.000002,0.000000,1.000000;;
             }

             Frame Hero-L-Finger12 {
              

              FrameTransformMatrix {
               0.975065,-0.000001,0.221920,0.000000,0.000001,1.000000,-0.000002,0.000000,-0.221920,0.000003,0.975065,0.000000,2.139763,0.000003,0.000004,1.000000;;
              }
             }
            }
           }

           Frame Hero-L-Finger2 {
            

            FrameTransformMatrix {
             0.916394,-0.056810,0.396226,0.000000,0.065692,0.997801,-0.008869,0.000000,-0.394850,0.034156,0.918110,0.000000,11.083595,-0.844619,-0.200583,1.000000;;
            }

            Frame Hero-L-Finger21 {
             

             FrameTransformMatrix {
              0.955929,-0.000000,0.293599,0.000000,0.000000,1.000000,-0.000000,0.000000,-0.293599,-0.000000,0.955929,0.000000,4.337875,0.000000,0.000004,1.000000;;
             }

             Frame Hero-L-Finger22 {
              

              FrameTransformMatrix {
               0.909438,0.000001,0.415839,0.000000,0.000001,1.000000,-0.000003,0.000000,-0.415839,0.000003,0.909438,0.000000,2.920113,0.000000,-0.000002,1.000000;;
              }
             }
            }
           }

           Frame Hero-L-Finger3 {
            

            FrameTransformMatrix {
             0.825183,-0.040061,0.563443,0.000000,0.019416,0.998904,0.042586,0.000000,-0.564531,-0.024201,0.825057,0.000000,9.954178,1.683527,-0.754669,1.000000;;
            }

            Frame Hero-L-Finger31 {
             

             FrameTransformMatrix {
              0.991285,-0.000000,0.131740,0.000000,0.000000,1.000000,-0.000000,0.000000,-0.131740,0.000000,0.991284,0.000000,4.016464,-0.000001,0.000002,1.000000;;
             }

             Frame Hero-L-Finger32 {
              

              FrameTransformMatrix {
               0.964238,-0.000000,0.265036,0.000000,0.000001,1.000000,-0.000003,0.000000,-0.265036,0.000003,0.964238,0.000000,2.661339,0.000002,-0.000004,1.000000;;
              }
             }
            }
           }

           Frame Hero-L-Finger4 {
            

            FrameTransformMatrix {
             0.858660,-0.186030,0.477593,0.000000,0.070583,0.965848,0.249312,0.000000,-0.507662,-0.180364,0.842466,0.000000,9.210625,4.120316,-0.215784,1.000000;;
            }

            Frame Hero-L-Finger41 {
             

             FrameTransformMatrix {
              0.949171,0.000000,0.314760,0.000000,-0.000000,1.000000,0.000000,0.000000,-0.314760,-0.000000,0.949171,0.000000,2.730576,0.000000,-0.000002,1.000000;;
             }

             Frame Hero-L-Finger42 {
              

              FrameTransformMatrix {
               0.982515,0.000000,0.186185,0.000000,0.000000,1.000000,-0.000003,0.000000,-0.186185,0.000003,0.982515,0.000000,1.943550,-0.000000,0.000004,1.000000;;
              }
             }
            }
           }
          }
         }

         Frame Hero-L-ForeTwist {
          

          FrameTransformMatrix {
           0.933472,-0.000000,-0.358652,0.000000,0.012662,0.999377,0.032955,0.000000,0.358428,-0.035303,0.932890,0.000000,28.328163,0.005547,-0.043644,1.000000;;
          }

          Frame Hero-L-ForeTwist1 {
           

           FrameTransformMatrix {
            1.000000,0.000000,-0.000002,0.000000,-0.000000,0.999377,0.035302,0.000000,0.000002,-0.035302,0.999377,0.000000,14.909790,-0.000008,0.000002,1.000000;;
           }
          }
         }
        }

        Frame Hero-LUpArmTwist {
         

         FrameTransformMatrix {
          0.589754,-0.798481,0.120907,0.000000,0.794763,0.547279,-0.262368,0.000000,0.143326,0.250825,0.957364,0.000000,15.520328,-0.000015,0.000002,1.000000;;
         }

         Frame Hero-LUpArmTwist1 {
          

          FrameTransformMatrix {
           1.000000,0.000000,-0.000002,0.000000,-0.000000,0.994663,-0.103176,0.000000,0.000002,0.103176,0.994663,0.000000,14.166130,0.000000,0.000004,1.000000;;
          }
         }
        }
       }

       Frame Hero-R-Clavicle {
        

        FrameTransformMatrix {
         -0.332983,-0.939932,-0.075173,0.000000,-0.942933,0.331856,0.027380,0.000000,-0.000788,0.080000,-0.996795,0.000000,19.363602,-6.154345,0.073200,1.000000;;
        }

        Frame Hero-R-UpperArm {
         

         FrameTransformMatrix {
          0.520292,0.837837,0.165305,0.000000,-0.832422,0.454332,0.317264,0.000000,0.190712,-0.302673,0.933819,0.000000,15.534139,-0.008514,0.065588,1.000000;;
         }

         Frame Hero-R-Forearm {
          

          FrameTransformMatrix {
           0.925735,0.000000,-0.378172,0.000000,-0.000000,1.000000,-0.000000,0.000000,0.378172,0.000000,0.925736,0.000000,28.332246,0.000008,0.000004,1.000000;;
          }

          Frame Hero-R-Hand {
           

           FrameTransformMatrix {
            0.974064,0.113246,0.195895,0.000000,0.192104,0.043580,-0.980407,0.000000,-0.119564,0.992611,0.020694,0.000000,29.847955,0.014973,-0.008623,1.000000;;
           }

           Frame Hero-R-Finger0 {
            

            FrameTransformMatrix {
             0.849741,0.449088,0.276154,0.000000,-0.234176,-0.147780,0.960897,0.000000,0.472337,-0.881182,-0.020409,0.000000,2.620789,2.024249,1.309214,1.000000;;
            }

            Frame Hero-R-Finger01 {
             

             FrameTransformMatrix {
              0.963813,-0.062985,0.259031,0.000000,0.062876,0.997983,0.008714,0.000000,-0.259057,0.007888,0.965830,0.000000,5.137947,0.000000,0.000004,1.000000;;
             }

             Frame Hero-R-Finger02 {
              

              FrameTransformMatrix {
               0.997910,-0.000002,0.064626,0.000000,0.000002,1.000000,0.000006,0.000000,-0.064626,-0.000006,0.997910,0.000000,3.571129,0.000001,0.000004,1.000000;;
              }
             }
            }
           }

           Frame Hero-R-Finger1 {
            

            FrameTransformMatrix {
             0.965183,0.059339,0.254758,0.000000,-0.083312,0.992947,0.084356,0.000000,-0.247955,-0.102644,0.963318,0.000000,10.645218,3.175122,-0.206329,1.000000;;
            }

            Frame Hero-R-Finger11 {
             

             FrameTransformMatrix {
              0.994776,-0.000000,0.102083,0.000000,0.000000,1.000000,-0.000000,0.000000,-0.102083,0.000000,0.994776,0.000000,4.162704,-0.000002,-0.000006,1.000000;;
             }

             Frame Hero-R-Finger12 {
              

              FrameTransformMatrix {
               0.975065,0.000003,0.221918,0.000000,-0.000005,1.000000,0.000006,0.000000,-0.221918,-0.000007,0.975065,0.000000,2.139778,0.000001,0.000002,1.000000;;
              }
             }
            }
           }

           Frame Hero-R-Finger2 {
            

            FrameTransformMatrix {
             0.902401,0.055612,0.427294,0.000000,-0.025385,0.996775,-0.076121,0.000000,-0.430150,0.057845,0.900902,0.000000,11.083595,0.844620,-0.200577,1.000000;;
            }

            Frame Hero-R-Finger21 {
             

             FrameTransformMatrix {
              0.955929,0.000000,0.293599,0.000000,-0.000000,1.000000,0.000000,0.000000,-0.293599,-0.000000,0.955929,0.000000,4.337875,0.000002,-0.000002,1.000000;;
             }

             Frame Hero-R-Finger22 {
              

              FrameTransformMatrix {
               0.909439,-0.000001,0.415838,0.000000,-0.000002,1.000000,0.000008,0.000000,-0.415838,-0.000008,0.909439,0.000000,2.920113,-0.000001,-0.000010,1.000000;;
              }
             }
            }
           }

           Frame Hero-R-Finger3 {
            

            FrameTransformMatrix {
             0.855928,0.062444,0.513311,0.000000,0.044830,0.979983,-0.193967,0.000000,-0.515148,0.189034,0.835996,0.000000,9.954178,-1.683524,-0.754665,1.000000;;
            }

            Frame Hero-R-Finger31 {
             

             FrameTransformMatrix {
              0.991284,-0.000000,0.131740,0.000000,0.000000,1.000000,-0.000000,0.000000,-0.131740,0.000000,0.991284,0.000000,4.016472,-0.000003,-0.000004,1.000000;;
             }

             Frame Hero-R-Finger32 {
              

              FrameTransformMatrix {
               0.943404,0.000000,0.331646,0.000000,-0.000003,1.000000,0.000007,0.000000,-0.331646,-0.000008,0.943404,0.000000,2.661331,0.000002,0.000002,1.000000;;
              }
             }
            }
           }

           Frame Hero-R-Finger4 {
            

            FrameTransformMatrix {
             0.861763,0.158782,0.481823,0.000000,-0.007736,0.953760,-0.300470,0.000000,-0.507252,0.255206,0.823143,0.000000,9.210640,-4.120320,-0.215776,1.000000;;
            }

            Frame Hero-R-Finger41 {
             

             FrameTransformMatrix {
              0.949171,0.000000,0.314760,0.000000,-0.000000,1.000000,-0.000000,0.000000,-0.314760,0.000000,0.949171,0.000000,2.730583,0.000000,0.000002,1.000000;;
             }

             Frame Hero-R-Finger42 {
              

              FrameTransformMatrix {
               0.944363,-0.000001,0.328905,0.000000,-0.000002,1.000000,0.000008,0.000000,-0.328905,-0.000008,0.944363,0.000000,1.943558,-0.000002,-0.000008,1.000000;;
              }
             }
            }
           }

           Frame Hero-R-Hand_aux {
            

            FrameTransformMatrix {
             1.000000,0.000007,-0.000002,0.000000,-0.000007,1.000000,0.000003,0.000000,0.000002,-0.000003,1.000000,0.000000,-0.028069,-0.011102,-0.013851,1.000000;;
            }
           }
          }
         }

         Frame Hero-R-ForeTwist {
          

          FrameTransformMatrix {
           0.925735,0.000000,-0.378172,0.000000,0.005599,0.999891,0.013707,0.000000,0.378130,-0.014807,0.925634,0.000000,28.328339,-0.005463,-0.043655,1.000000;;
          }

          Frame Hero-R-ForeTwist1 {
           

           FrameTransformMatrix {
            1.000000,-0.000001,-0.000007,0.000000,0.000001,0.999890,0.014810,0.000000,0.000007,-0.014810,0.999890,0.000000,14.909790,0.000000,-0.000002,1.000000;;
           }
          }
         }
        }

        Frame Hero-RUpArmTwist {
         

         FrameTransformMatrix {
          0.520292,0.837837,0.165305,0.000000,-0.846509,0.480417,0.229394,0.000000,0.112779,-0.259284,0.959194,0.000000,15.520333,0.000015,0.000000,1.000000;;
         }

         Frame Hero-RUpArmTwist1 {
          

          FrameTransformMatrix {
           1.000000,-0.000002,-0.000007,0.000000,0.000002,0.998924,0.046371,0.000000,0.000007,-0.046371,0.998925,0.000000,14.166130,0.000004,-0.000004,1.000000;;
          }
         }
        }
       }
      }
     }

     Frame Hero-LThighTwist {
      

      FrameTransformMatrix {
       -0.998905,0.046685,0.002992,0.000000,-0.046620,-0.998732,0.019012,0.000000,0.003876,0.018852,0.999815,0.000000,-8.475022,9.182758,-0.075664,1.000000;;
      }

      Frame Hero-LThighTwist1 {
       

       FrameTransformMatrix {
        1.000000,0.000003,0.000000,0.000000,-0.000003,0.998685,0.051276,0.000000,-0.000000,-0.051276,0.998684,0.000000,20.674882,0.000001,0.000000,1.000000;;
       }
      }
     }

     Frame Hero-RThighTwist {
      

      FrameTransformMatrix {
       -0.993397,-0.108656,-0.036832,0.000000,0.112410,-0.986017,-0.123022,0.000000,-0.022950,-0.126350,0.991720,0.000000,-8.424637,-9.240444,-0.075557,1.000000;;
      }

      Frame Hero-RThighTwist1 {
       

       FrameTransformMatrix {
        1.000000,-0.000002,0.000000,0.000000,0.000002,0.995811,-0.091431,0.000000,-0.000000,0.091431,0.995811,0.000000,20.674882,0.000002,0.000000,1.000000;;
       }
      }
     }
    }

    Frame Hero-L-Thigh {
     

     FrameTransformMatrix {
      -0.999790,0.020422,-0.001801,0.000000,-0.020458,-0.988031,0.152894,0.000000,0.001343,0.152899,0.988241,0.000000,-0.000015,9.211634,0.000017,1.000000;;
     }

     Frame Hero-L-Calf {
      

      FrameTransformMatrix {
       0.994950,-0.000000,-0.100374,0.000000,0.000000,1.000000,0.000000,0.000000,0.100374,-0.000000,0.994950,0.000000,41.349757,0.000001,0.000000,1.000000;;
      }

      Frame Hero-L-Foot {
       

       FrameTransformMatrix {
        0.999520,0.024984,0.018295,0.000000,-0.024121,0.998651,-0.045975,0.000000,-0.019419,0.045512,0.998775,0.000000,43.324243,0.001274,-0.105902,1.000000;;
       }

       Frame Hero-L-Toe0 {
        

        FrameTransformMatrix {
         -0.046315,0.000000,0.998927,0.000000,-0.000004,1.000000,-0.000000,0.000000,-0.998927,-0.000004,-0.046315,0.000000,6.417162,0.000000,12.925972,1.000000;;
        }
       }
      }
     }

     Frame Hero-LCalfTwist {
      

      FrameTransformMatrix {
       0.994950,-0.000000,-0.100374,0.000000,-0.001539,0.999882,-0.015257,0.000000,0.100362,0.015334,0.994833,0.000000,41.349722,0.000593,-0.051718,1.000000;;
      }

      Frame Hero-LCalfTwist1 {
       

       FrameTransformMatrix {
        1.000000,0.000004,-0.000000,0.000000,-0.000004,0.999882,-0.015335,0.000000,-0.000000,0.015335,0.999883,0.000000,21.662480,0.000003,0.000000,1.000000;;
       }
      }
     }
    }

    Frame Hero-R-Thigh {
     

     FrameTransformMatrix {
      -0.990045,-0.135912,-0.036605,0.000000,0.140742,-0.952330,-0.270664,0.000000,0.001927,-0.273122,0.961978,0.000000,0.000015,-9.211634,-0.000009,1.000000;;
     }

     Frame Hero-R-Calf {
      

      FrameTransformMatrix {
       0.981129,-0.000000,-0.193354,0.000000,0.000000,1.000000,-0.000000,0.000000,0.193354,0.000000,0.981129,0.000000,41.349757,0.000000,0.000000,1.000000;;
      }

      Frame Hero-R-Foot {
       

       FrameTransformMatrix {
        0.980754,-0.117054,0.156272,0.000000,0.135171,0.984606,-0.110818,0.000000,-0.140895,0.129809,0.981478,0.000000,43.324266,-0.001511,-0.105896,1.000000;;
       }

       Frame Hero-R-Toe0 {
        

        FrameTransformMatrix {
         -0.014756,-0.001808,0.999890,0.000000,-0.063041,0.998011,0.000874,0.000000,-0.997902,-0.063021,-0.014841,0.000000,6.417162,0.000000,12.925969,1.000000;;
        }
       }
      }
     }

     Frame Hero-RCalfTwist {
      

      FrameTransformMatrix {
       0.981129,0.000000,-0.193354,0.000000,-0.007222,0.999302,-0.036646,0.000000,0.193219,0.037351,0.980444,0.000000,41.349744,-0.000708,-0.051714,1.000000;;
      }

      Frame Hero-RCalfTwist1 {
       

       FrameTransformMatrix {
        1.000000,-0.000001,-0.000000,0.000000,0.000001,0.999302,-0.037351,0.000000,0.000000,0.037351,0.999302,0.000000,21.662475,0.000002,0.000001,1.000000;;
       }
      }
     }
    }
   }
  }
 }

 Frame Miles_beheaded {
  

  FrameTransformMatrix {
   1.000000,0.000000,0.000000,0.000000,0.000000,1.000000,0.000000,0.000000,0.000000,0.000000,1.000000,0.000000,0.000000,0.000000,0.000000,1.000000;;
  }

  Mesh Miles_beheaded {
   7407;
   -4.497070;131.332365;-7.849366;,
   0.872940;120.607667;10.587270;,
   -4.751709;129.109376;-8.238038;,
   -6.314210;155.446528;8.725466;,
   -7.078369;154.375475;6.103274;,
   -3.860062;155.981466;11.137149;,
   -0.047486;156.558451;11.629886;,
   -3.860062;155.981466;11.137149;,
   3.045532;156.186304;11.442140;,
   5.829590;155.481677;9.857302;,
   6.850342;154.050278;6.726932;,
   6.830322;152.521114;3.461429;,
   6.850342;154.050278;6.726932;,
   6.992432;151.412646;3.347414;,
   7.417236;148.366925;0.329836;,
   7.071289;146.129690;-1.692625;,
   6.739014;144.874150;-2.581175;,
   6.355713;143.210995;-3.489989;,
   5.773193;141.468019;-4.484038;,
   6.617676;140.692134;-3.536742;,
   -6.507812;133.300429;-5.288574;,
   -6.647950;130.796019;-5.360108;,
   -5.919190;136.190310;-5.875732;,
   -5.498535;138.537421;-6.015014;,
   -5.594727;140.163021;-5.427856;,
   -5.936768;142.348813;-4.284057;,
   -7.574463;144.773683;-1.659545;,
   -6.822754;147.956160;0.034182;,
   -5.968994;149.283571;-0.653196;,
   -6.801026;151.751936;2.520632;,
   -7.078369;154.375475;6.103274;,
   -4.723877;158.255910;6.117770;,
   -5.832520;158.086477;7.184533;,
   -4.614502;158.711731;7.090251;,
   -4.823975;158.889843;8.765305;,
   -4.110230;159.161318;8.334924;,
   -3.136719;159.289523;7.875348;,
   -3.349594;158.841907;6.976947;,
   -3.384949;158.711270;6.210972;,
   -4.516785;158.007334;5.325076;,
   -3.319809;158.498790;5.454952;,
   -4.428467;157.742886;3.991834;,
   -3.454834;158.216192;4.397768;,
   -2.217529;159.313971;10.348952;,
   -3.251038;159.509043;9.452061;,
   -3.537414;159.114995;9.914152;,
   -2.660370;159.206106;8.637004;,
   -2.450333;159.009843;7.655442;,
   -1.715210;159.105139;7.261609;,
   -1.496826;159.154906;6.548080;,
   -2.424561;159.656896;8.199762;,
   -2.190674;159.600218;7.434143;,
   -1.320679;159.628557;7.077403;,
   -2.250427;158.884403;5.724765;,
   -0.745529;158.938176;6.361896;,
   -0.838631;158.692685;5.960244;,
   -1.207764;159.783962;6.465152;,
   -0.716095;159.808166;7.714030;,
   -1.398819;159.587251;8.124810;,
   -0.786911;159.726771;6.161664;,
   0.000000;159.609114;6.030710;,
   -0.786911;159.726771;6.161664;,
   0.000000;159.639360;7.734576;,
   -0.699951;159.610598;9.221944;,
   -1.649628;159.539136;8.927773;,
   -2.015503;159.731328;9.653394;,
   0.000000;159.371520;10.259150;,
   0.000000;159.325939;10.806752;,
   0.716095;159.806042;7.710918;,
   0.786911;159.649613;5.964713;,
   0.699951;159.610355;9.221582;,
   0.000000;159.789952;9.968124;,
   0.000000;159.977626;9.302242;,
   1.398819;159.585805;8.122687;,
   1.649628;159.539098;8.927709;,
   2.660370;159.206106;8.637004;,
   5.635498;156.533824;8.997271;,
   5.832520;158.086477;7.184533;,
   4.823975;158.889843;8.765305;,
   4.614502;158.711731;7.090251;,
   4.110230;159.161318;8.334924;,
   3.136719;159.289523;7.875348;,
   3.251038;159.509043;9.452061;,
   2.015503;159.731328;9.653394;,
   7.972290;153.626214;10.792114;,
   7.060791;154.287296;9.115784;,
   6.028320;155.056154;10.360596;,
   4.594726;156.785472;10.154758;,
   3.537414;159.114995;9.914152;,
   2.217529;159.313971;10.348952;,
   0.000000;159.325939;10.806752;,
   0.000000;158.085786;10.806050;,
   3.504639;156.797952;10.919944;,
   1.190369;158.019546;10.821834;,
   1.738892;156.527270;11.530634;,
   0.000000;156.367987;11.309835;,
   2.387207;155.342771;12.314453;,
   4.146973;155.608640;11.557862;,
   2.793163;154.111629;13.220893;,
   5.271728;154.357670;12.341065;,
   5.982788;153.373786;13.128906;,
   3.131042;152.796877;14.191650;,
   0.000000;153.259763;13.086426;,
   0.000000;154.704832;12.079102;,
   9.081787;153.073728;11.559570;,
   0.000000;152.216550;13.746338;,
   12.428055;147.864013;3.184082;,
   10.851150;148.711910;4.471192;,
   12.533203;148.978522;4.639648;,
   10.682174;149.866701;5.773193;,
   12.430176;149.976320;6.001221;,
   10.585098;151.240717;7.501465;,
   11.978027;151.232666;7.734253;,
   11.013062;152.343014;9.842056;,
   9.034424;152.818355;9.233719;,
   8.668701;151.644288;7.300293;,
   8.652970;147.477056;3.140869;,
   8.940506;149.021734;4.416260;,
   8.337998;150.152346;5.361816;,
   7.241822;151.408819;6.093262;,
   7.044678;153.495846;7.548340;,
   6.086426;156.001050;7.304837;,
   5.707275;157.626598;6.083816;,
   6.062012;155.220006;5.800491;,
   6.375488;153.080858;5.879460;,
   6.639892;150.989210;4.377822;,
   7.245041;149.869389;3.919678;,
   7.757950;148.609613;3.398193;,
   4.481384;149.546445;0.940850;,
   6.380371;148.224474;2.204834;,
   4.601074;148.470861;0.672738;,
   6.110596;149.582669;2.365879;,
   5.945068;150.921459;2.643038;,
   5.447266;152.541325;2.887963;,
   5.989502;152.663309;4.412788;,
   5.111328;154.845824;3.330552;,
   5.654297;155.081882;4.547905;,
   1.596695;154.614669;2.192141;,
   3.207184;152.614272;1.354292;,
   1.513962;152.662349;1.654188;,
   3.135666;151.019686;0.622412;,
   4.596192;150.755213;1.531094;,
   4.436035;152.597158;1.961881;,
   4.115112;154.817280;2.627430;,
   2.851318;154.887424;2.456867;,
   2.557983;156.640934;2.894722;,
   1.717911;157.620710;3.490470;,
   3.513306;157.591936;3.409073;,
   2.442261;157.244416;3.034042;,
   3.750122;156.868224;2.982909;,
   1.910034;158.339994;4.041906;,
   1.449936;158.214822;3.305078;,
   1.518433;158.521958;4.051924;,
   1.130188;157.297792;3.025867;,
   1.234253;157.183206;2.788989;,
   1.352356;156.572646;2.369657;,
   0.000000;154.794086;2.085812;,
   0.000000;157.096064;2.799612;,
   1.005173;157.890944;2.872145;,
   1.141510;158.202342;3.603769;,
   1.175644;158.453222;4.207539;,
   -1.005173;157.985638;3.112276;,
   0.000000;157.899866;2.801349;,
   0.892975;157.874368;3.202184;,
   0.965820;156.660544;4.012694;,
   0.806168;158.897421;4.897725;,
   1.036652;159.066778;4.878672;,
   0.374756;158.877171;5.200878;,
   0.457092;159.150042;5.284371;,
   0.525726;156.780966;4.630610;,
   0.592163;156.270310;3.435227;,
   0.000000;156.180237;3.489048;,
   0.000000;156.995942;4.948847;,
   -0.592163;156.346074;3.627334;,
   -0.525726;156.883379;4.889989;,
   0.000000;158.960371;5.114420;,
   0.000000;159.190541;5.324093;,
   -0.374756;158.909683;5.286297;,
   -0.457092;159.205517;5.427478;,
   0.000000;158.924800;5.772458;,
   0.838631;158.600781;5.722425;,
   1.687103;158.651379;5.044984;,
   0.745529;158.845555;6.122730;,
   0.000000;158.878810;6.155118;,
   1.207764;159.738330;6.352577;,
   -1.036652;159.148326;5.085520;,
   -0.892975;157.974605;3.456323;,
   -1.141510;158.304934;3.862888;,
   -1.449936;158.316070;3.561795;,
   -1.518433;158.624384;4.309757;,
   -1.910034;158.440282;4.297558;,
   -1.687103;158.749837;5.298277;,
   -2.345779;158.441254;5.383768;,
   -0.965820;156.752320;4.245377;,
   -1.175644;158.549478;4.448690;,
   -0.806168;158.963174;5.064976;,
   0.000000;158.001574;3.009904;,
   -6.647950;130.796019;-5.360108;,
   0.872940;120.607667;10.587270;,
   -4.497070;131.332365;-7.849366;,
   -3.504639;156.797952;10.919944;,
   -2.387207;155.342771;12.314453;,
   -1.738892;156.527270;11.530634;,
   -4.146973;155.608640;11.557862;,
   -2.793163;154.111629;13.220893;,
   -5.271728;154.357670;12.341065;,
   -7.972290;153.626214;10.792114;,
   -6.028320;155.056154;10.360596;,
   -4.594726;156.785472;10.154758;,
   -3.131042;152.796877;14.191650;,
   0.000000;153.259763;13.086426;,
   0.000000;154.704832;12.079102;,
   0.000000;156.367987;11.309835;,
   -1.190369;158.019546;10.821834;,
   0.000000;152.216550;13.746338;,
   0.000000;158.085786;10.806050;,
   8.595947;140.901363;-1.500487;,
   0.872940;120.607667;10.587270;,
   6.617676;140.692134;-3.536742;,
   -5.621094;145.164557;-1.136963;,
   -7.651062;145.696538;0.810547;,
   -5.242371;146.017331;-0.373291;,
   -8.116699;144.980954;-0.036133;,
   -11.258000;145.793792;0.871179;,
   -10.263763;144.652954;0.002197;,
   -8.452758;144.224371;-0.898193;,
   -5.858978;144.170227;-2.155762;,
   -3.502075;143.864499;-2.798096;,
   -11.117782;147.679450;3.217285;,
   -12.172882;146.691162;1.966553;,
   -12.428055;147.864013;3.184082;,
   -11.339523;146.874022;2.174561;,
   -10.435120;146.273434;1.525391;,
   -7.270569;146.193357;1.467285;,
   -5.057556;146.680909;0.304647;,
   -2.852173;146.446323;-1.422946;,
   -9.652115;146.871578;2.331543;,
   -1.198578;147.183309;-1.001123;,
   -2.707642;147.373965;-0.781742;,
   -4.816528;147.499034;0.524390;,
   -6.953064;146.909427;2.087158;,
   -8.652970;147.477056;3.140869;,
   -10.851150;148.711910;4.471192;,
   -12.533203;148.978522;4.639648;,
   -10.585098;151.240717;7.501465;,
   -11.978027;151.232666;7.734253;,
   -11.013062;152.343014;9.842056;,
   -12.430176;149.976320;6.001221;,
   -10.682174;149.866701;5.773193;,
   -8.940506;149.021734;4.416260;,
   -7.757950;148.609613;3.398193;,
   -6.380371;148.224474;2.204834;,
   -2.816437;148.942387;0.101539;,
   -1.287979;149.892032;0.749420;,
   -1.256012;148.869261;0.309667;,
   -3.007828;149.867584;0.311458;,
   -4.601074;148.470861;0.672738;,
   -4.481384;149.546445;0.940850;,
   -6.110596;149.582669;2.365879;,
   -7.245041;149.869389;3.919678;,
   -8.337998;150.152346;5.361816;,
   0.000000;151.259661;1.294423;,
   1.287979;149.892032;0.749420;,
   0.000000;150.139482;1.004769;,
   -1.336289;151.093312;1.117711;,
   -3.135666;151.019686;0.622412;,
   -4.596192;150.755213;1.531094;,
   -5.945068;150.921459;2.643038;,
   -6.639892;150.989210;4.377822;,
   -5.447266;152.541325;2.887963;,
   -4.436035;152.597158;1.961881;,
   -7.241822;151.408819;6.093262;,
   -7.044678;153.495846;7.548340;,
   -6.375488;153.080858;5.879460;,
   -5.989502;152.663309;4.412788;,
   -5.111328;154.845824;3.330552;,
   -4.115112;154.817280;2.627430;,
   -3.207184;152.614272;1.354292;,
   -6.062012;155.220006;5.800491;,
   -2.871704;158.082406;3.768588;,
   -3.513306;157.592627;3.410830;,
   -3.750122;156.868224;2.982909;,
   -4.815186;156.904256;3.709432;,
   -5.654297;155.081882;4.547905;,
   -5.707275;157.626598;6.083816;,
   -5.566406;157.085734;4.721711;,
   -6.086426;156.001050;7.304837;,
   -8.668701;151.644288;7.300293;,
   -7.060791;154.287296;9.115784;,
   -5.635498;156.533824;8.997271;,
   -9.034424;152.818355;9.233719;,
   -9.081787;153.073728;11.559570;,
   -5.982788;153.373786;13.128906;,
   -2.557983;156.642726;2.899279;,
   -1.596695;154.614669;2.192141;,
   -2.851318;154.887424;2.456867;,
   0.000000;156.245197;2.203267;,
   -1.352356;156.580595;2.389805;,
   -1.234253;157.238221;2.928456;,
   -2.442261;157.276838;3.116248;,
   -1.130188;157.367885;3.203607;,
   0.000000;156.680333;2.247411;,
   -1.717911;157.705126;3.704478;,
   -2.166718;158.593293;4.532875;,
   -1.513962;152.662349;1.654188;,
   0.000000;153.016909;1.737330;,
   1.336289;151.093312;1.117711;,
   3.007828;149.867584;0.311458;,
   2.816437;148.942387;0.101539;,
   6.953064;146.909427;2.087158;,
   4.816528;147.499034;0.524390;,
   2.739777;148.170483;-0.189205;,
   1.256012;148.869261;0.309667;,
   5.057556;146.680909;0.304647;,
   7.270569;146.193357;1.467285;,
   2.707642;147.373965;-0.781742;,
   1.233139;147.982464;-0.308155;,
   0.000000;148.687194;0.555763;,
   1.198578;147.183309;-1.001123;,
   2.852173;146.446323;-1.422946;,
   5.242371;146.017331;-0.373291;,
   7.651062;145.696538;0.810547;,
   5.621094;145.164557;-1.136963;,
   8.116699;144.980954;-0.036133;,
   8.452758;144.224371;-0.898193;,
   10.263763;144.652954;0.002197;,
   11.258000;145.793792;0.871179;,
   3.227097;145.120192;-2.147850;,
   1.349518;146.208333;-1.565804;,
   0.000000;146.780211;-0.552311;,
   0.000000;147.743846;0.046776;,
   -1.233139;147.982464;-0.308155;,
   -2.739777;148.170483;-0.189205;,
   -7.303954;107.544934;-9.184935;,
   0.872940;120.607667;10.587270;,
   -7.389282;103.173082;-9.648193;,
   -7.306641;98.726067;-10.053466;,
   5.566406;157.085734;4.721711;,
   4.723877;158.255910;6.117770;,
   4.516785;158.007334;5.325076;,
   3.384949;158.710374;6.209662;,
   3.349594;158.841907;6.976947;,
   1.715210;159.083866;7.218420;,
   2.450333;159.003738;7.646553;,
   4.815186;156.904256;3.709432;,
   4.428467;157.742886;3.991834;,
   3.319809;158.486170;5.423157;,
   1.496826;159.077299;6.356058;,
   1.320679;159.616154;7.057918;,
   2.190674;159.591219;7.421029;,
   2.424561;159.653696;8.195106;,
   2.345779;158.346624;5.145884;,
   2.250427;158.800115;5.515718;,
   2.871704;158.040742;3.662914;,
   2.166718;158.501773;4.300814;,
   3.454834;158.194611;4.343058;,
   -4.751709;129.109376;-8.238038;,
   0.872940;120.607667;10.587270;,
   -4.917297;126.854246;-8.582764;,
   -5.239746;123.939341;-8.512086;,
   -5.344726;120.569357;-8.805054;,
   -6.086303;116.582515;-8.893554;,
   -6.380493;112.024410;-8.882323;,
   -7.303954;107.544934;-9.184935;,
   10.435120;146.273434;1.525391;,
   9.652115;146.871578;2.331543;,
   11.339523;146.874022;2.174561;,
   11.117782;147.679450;3.217285;,
   12.172882;146.691162;1.966553;,
   -1.349518;146.208333;-1.565804;,
   -3.227097;145.120192;-2.147850;,
   -1.496765;144.697446;-2.300380;,
   0.000000;145.862976;-1.055374;,
   0.000000;144.562790;-2.261594;,
   1.496765;144.697446;-2.300380;,
   -1.651764;143.768627;-3.249635;,
   0.000000;143.636608;-3.100003;,
   1.651764;143.768627;-3.249635;,
   3.502075;143.864499;-2.798096;,
   5.858978;144.170227;-2.155762;,
   17.512570;95.000493;11.335800;,
   0.872940;120.607667;10.587270;,
   19.092454;95.351245;8.686816;,
   14.601978;94.578918;13.505098;,
   10.994490;94.313485;14.988579;,
   7.105554;94.181030;15.951606;,
   3.427280;94.126733;16.564144;,
   0.001775;94.146547;16.735998;,
   -3.419802;94.115117;16.603006;,
   -7.099126;94.166861;15.942440;,
   -10.992998;94.307328;14.979525;,
   -14.605915;94.576006;13.508899;,
   -17.519301;94.999693;11.337719;,
   -19.091974;95.351213;8.686627;,
   -19.417445;95.519661;5.617810;,
   -18.840934;95.826189;2.236714;,
   0.872940;120.607667;10.587270;,
   -19.417445;95.519661;5.617810;,
   -17.952938;96.463846;-0.945941;,
   -16.827259;97.104429;-3.438584;,
   -15.190387;97.605658;-5.355969;,
   -13.135772;98.102746;-7.017318;,
   -7.306641;98.726067;-10.053466;,
   9.245422;136.370112;-2.258422;,
   0.872940;120.607667;10.587270;,
   8.595947;140.901363;-1.500487;,
   9.273742;133.192627;-2.742432;,
   9.063294;130.776858;-3.348877;,
   9.377930;127.537600;-4.023560;,
   9.757019;125.364506;-4.342774;,
   9.298584;122.916019;-5.052246;,
   9.488586;121.192870;-5.248169;,
   9.980714;118.619136;-5.331299;,
   9.846923;114.809574;-5.980469;,
   10.012329;111.757811;-6.511962;,
   10.188598;107.390131;-7.095458;,
   10.298094;103.442131;-7.386230;,
   10.255858;98.405632;-7.861572;,
   12.982311;98.125914;-7.005738;,
   15.160610;97.609395;-5.356424;,
   16.829045;97.100774;-3.442472;,
   17.954083;96.460710;-0.950277;,
   19.195253;95.924762;2.155611;,
   19.418213;95.519411;5.618096;,
   19.092454;95.351245;8.686816;,
   -6.795446;90.993491;-14.726128;,
   -7.783242;89.782374;-14.257037;,
   -7.563266;91.334880;-14.326643;,
   -6.053547;89.938874;-14.298800;,
   -5.962100;91.297229;-14.822262;,
   -6.138828;91.394355;-14.305251;,
   -5.898529;89.876755;-14.673299;,
   -6.321235;91.181613;-14.973704;,
   -6.295125;89.634310;-14.689949;,
   -6.556331;89.765786;-14.180808;,
   -6.800613;91.444307;-14.219366;,
   -7.327008;89.620890;-14.411901;,
   -7.520280;89.947283;-13.962994;,
   -8.868774;90.078362;-13.995971;,
   -8.857376;141.720755;-5.074143;,
   -11.597900;139.120602;-5.750733;,
   -10.738408;142.554317;-4.263373;,
   -9.295167;138.727168;-6.287963;,
   -10.121094;133.163738;-9.461426;,
   -9.242187;130.807757;-8.927002;,
   -10.614990;130.966899;-9.941406;,
   -8.954102;133.031987;-8.686523;,
   -9.797363;135.845274;-8.901854;,
   -8.531006;135.194586;-7.995606;,
   -8.620448;137.209997;-7.111496;,
   -8.107666;137.374029;-7.174804;,
   -7.984603;140.559782;-5.964473;,
   -8.573391;143.097165;-5.086855;,
   -8.572136;145.339264;-3.834685;,
   -9.217009;147.912230;-1.237434;,
   -9.330959;140.838182;-6.207220;,
   -8.282918;139.034445;-6.998403;,
   -7.909578;136.618547;-7.996980;,
   -8.038452;134.805914;-8.453125;,
   -7.633338;134.350195;-8.872566;,
   -8.441894;132.797619;-9.078858;,
   -7.418523;132.305984;-9.505079;,
   -8.468018;130.771968;-9.389406;,
   -7.393582;130.414413;-9.724987;,
   -9.585450;128.847181;-9.248779;,
   -8.569580;128.795443;-9.912598;,
   -10.151002;126.881395;-9.116944;,
   -7.589391;128.446822;-9.795034;,
   -8.977539;126.486784;-10.122558;,
   -10.723510;124.000589;-9.530030;,
   -12.332231;126.397338;-8.135658;,
   -12.416152;123.640947;-8.589031;,
   -10.934686;121.026266;-10.509049;,
   -15.373291;125.418022;-7.175294;,
   -16.597656;127.023846;-7.809082;,
   -16.854246;125.800307;-5.306884;,
   -17.594483;127.305459;-6.919434;,
   -14.026123;127.662246;-9.397217;,
   -11.477052;128.601088;-10.190674;,
   -11.108642;129.014170;-10.207030;,
   -20.608885;132.825587;-3.519287;,
   -18.486573;130.077389;-5.748048;,
   -20.687014;129.596147;-3.100830;,
   -16.594238;128.473139;-7.693116;,
   -13.709962;128.879450;-9.424561;,
   -13.166017;131.124954;-9.055908;,
   -18.301758;133.161562;-5.414307;,
   -16.128418;130.849126;-7.472169;,
   -15.853515;133.117734;-7.107178;,
   -12.909912;133.512141;-8.539306;,
   -12.958008;135.828250;-8.027344;,
   -9.768922;138.195917;-8.025222;,
   -12.494873;138.901158;-7.180909;,
   -15.588866;135.847411;-7.020508;,
   -14.829590;139.313229;-5.290040;,
   -18.143555;136.561894;-5.249024;,
   -20.316160;135.384282;-3.366943;,
   -20.136718;137.766298;-3.085449;,
   -17.907592;139.845210;-3.974365;,
   -19.630125;137.564966;-2.116943;,
   -19.639160;135.155085;-1.988525;,
   -19.551024;132.821926;-1.784301;,
