xof 0303txt 0032
template ColorRGBA {
 <35ff44e0-6c7c-11cf-8f52-0040333594a3>
 FLOAT red;
 FLOAT green;
 FLOAT blue;
 FLOAT alpha;
}

template ColorRGB {
 <d3e16e81-7835-11cf-8f52-0040333594a3>
 FLOAT red;
 FLOAT green;
 FLOAT blue;
}

template Material {
 <3d82ab4d-62da-11cf-ab39-0020af71e433>
 ColorRGBA faceColor;
 FLOAT power;
 ColorRGB specularColor;
 ColorRGB emissiveColor;
 [...]
}

template TextureFilename {
 <a42790e1-7810-11cf-8f52-0040333594a3>
 STRING filename;
}

template Frame {
 <3d82ab46-62da-11cf-ab39-0020af71e433>
 [...]
}

template Matrix4x4 {
 <f6f23f45-7686-11cf-8f52-0040333594a3>
 array FLOAT matrix[16];
}

template FrameTransformMatrix {
 <f6f23f41-7686-11cf-8f52-0040333594a3>
 Matrix4x4 frameMatrix;
}

template Vector {
 <3d82ab5e-62da-11cf-ab39-0020af71e433>
 FLOAT x;
 FLOAT y;
 FLOAT z;
}

template MeshFace {
 <3d82ab5f-62da-11cf-ab39-0020af71e433>
 DWORD nFaceVertexIndices;
 array DWORD faceVertexIndices[nFaceVertexIndices];
}

template Mesh {
 <3d82ab44-62da-11cf-ab39-0020af71e433>
 DWORD nVertices;
 array Vector vertices[nVertices];
 DWORD nFaces;
 array MeshFace faces[nFaces];
 [...]
}

template MeshMaterialList {
 <f6f23f42-7686-11cf-8f52-0040333594a3>
 DWORD nMaterials;
 DWORD nFaceIndexes;
 array DWORD faceIndexes[nFaceIndexes];
 [Material <3d82ab4d-62da-11cf-ab39-0020af71e433>]
}

template VertexElement {
 <f752461c-1e23-48f6-b9f8-8350850f336f>
 DWORD Type;
 DWORD Method;
 DWORD Usage;
 DWORD UsageIndex;
}

template DeclData {
 <bf22e553-292c-4781-9fea-62bd554bdd93>
 DWORD nElements;
 array VertexElement Elements[nElements];
 DWORD nDWords;
 array DWORD data[nDWords];
}

template XSkinMeshHeader {
 <3cf169ce-ff7c-44ab-93c0-f78f62d172e2>
 WORD nMaxSkinWeightsPerVertex;
 WORD nMaxSkinWeightsPerFace;
 WORD nBones;
}

template SkinWeights {
 <6f0d123b-bad2-4167-a0d0-80224f25fabb>
 STRING transformNodeName;
 DWORD nWeights;
 array DWORD vertexIndices[nWeights];
 array FLOAT weights[nWeights];
 Matrix4x4 matrixOffset;
}

template AnimTicksPerSecond {
 <9e415a43-7ba6-4a73-8743-b73d47e88476>
 DWORD AnimTicksPerSecond;
}

template Animation {
 <3d82ab4f-62da-11cf-ab39-0020af71e433>
 [...]
}

template AnimationSet {
 <3d82ab50-62da-11cf-ab39-0020af71e433>
 [Animation <3d82ab4f-62da-11cf-ab39-0020af71e433>]
}

template FloatKeys {
 <10dd46a9-775b-11cf-8f52-0040333594a3>
 DWORD nValues;
 array FLOAT values[nValues];
}

template TimedFloatKeys {
 <f406b180-7b3b-11cf-8f52-0040333594a3>
 DWORD time;
 FloatKeys tfkeys;
}

template AnimationKey {
 <10dd46a8-775b-11cf-8f52-0040333594a3>
 DWORD keyType;
 DWORD nKeys;
 array TimedFloatKeys keys[nKeys];
}


Material Material__48 {
 1.000000;1.000000;1.000000;1.000000;;
 10.000000;
 0.000000;0.000000;0.000000;;
 0.000000;0.000000;0.000000;;

 TextureFilename {
  "Marcus_NewHead1_CP_Specular.tga";
 }
}

Material Material__51 {
 0.588000;0.588000;0.588000;1.000000;;
 10.000000;
 0.000000;0.000000;0.000000;;
 0.000000;0.000000;0.000000;;
}

Material Material__52 {
 0.588000;0.588000;0.588000;1.000000;;
 10.000000;
 0.000000;0.000000;0.000000;;
 0.000000;0.000000;0.000000;;
}

Material Material__49 {
 1.000000;1.000000;1.000000;1.000000;;
 10.000000;
 0.000000;0.000000;0.000000;;
 0.000000;0.000000;0.000000;;

 TextureFilename {
  "COG_FenixBody1_Tex.tga";
 }
}

Material Material__54 {
 0.588000;0.588000;0.588000;1.000000;;
 10.000000;
 0.000000;0.000000;0.000000;;
 0.000000;0.000000;0.000000;;
}

Material Material__55 {
 0.588000;0.588000;0.588000;1.000000;;
 10.000000;
 0.000000;0.000000;0.000000;;
 0.000000;0.000000;0.000000;;
}

Material Material__56 {
 0.588000;0.588000;0.588000;1.000000;;
 10.000000;
 0.000000;0.000000;0.000000;;
 0.000000;0.000000;0.000000;;
}

Material Material__57 {
 0.588000;0.588000;0.588000;1.000000;;
 10.000000;
 0.000000;0.000000;0.000000;;
 0.000000;0.000000;0.000000;;
}

Material Material__58 {
 0.588000;0.588000;0.588000;1.000000;;
 10.000000;
 0.000000;0.000000;0.000000;;
 0.000000;0.000000;0.000000;;
}

Material Material__59 {
 0.588000;0.588000;0.588000;1.000000;;
 10.000000;
 0.000000;0.000000;0.000000;;
 0.000000;0.000000;0.000000;;
}

Frame SceneRoot {
 

 FrameTransformMatrix {
  1.000000,0.000000,0.000000,0.000000,0.000000,1.000000,0.000000,0.000000,0.000000,0.000000,1.000000,0.000000,0.000000,0.000000,0.000000,1.000000;;
 }

 Frame b_MF_Root {
  

  FrameTransformMatrix {
   1.000000,0.000000,0.000000,0.000000,0.000000,1.000000,0.000000,0.000000,0.000000,0.000000,1.000000,0.000000,0.000000,0.000000,0.000000,1.000000;;
  }

  Frame b_MF_Pelvis {
   

   FrameTransformMatrix {
    -0.045950,0.998247,-0.037312,0.000000,0.837136,0.018100,-0.546695,0.000000,-0.545062,-0.056356,-0.836500,0.000000,5.696313,87.741409,0.000000,1.000000;;
   }

   Frame b_MF_Armor_Crotch {
    

    FrameTransformMatrix {
     -0.985865,-0.034445,0.163961,0.000000,0.007057,-0.986307,-0.164767,0.000000,0.167392,-0.161281,0.972609,0.000000,2.619110,-0.000039,15.483765,1.000000;;
    }
   }

   Frame b_MF_Spine_01 {
    

    FrameTransformMatrix {
     0.999339,0.006363,0.035788,0.000000,-0.008607,0.997982,0.062905,0.000000,-0.035316,-0.063172,0.997378,0.000000,8.858452,0.019213,-0.009375,1.000000;;
    }

    Frame b_MF_Spine_02 {
     

     FrameTransformMatrix {
      0.998675,-0.028504,0.042858,0.000000,0.026938,0.998963,0.036695,0.000000,-0.043860,-0.035492,0.998407,0.000000,11.804024,0.000332,-0.009384,1.000000;;
     }

     Frame b_MF_Spine_03 {
      

      FrameTransformMatrix {
       0.995175,-0.030136,0.093374,0.000000,0.029423,0.999527,0.008998,0.000000,-0.093601,-0.006207,0.995590,0.000000,11.804497,0.000058,-0.009357,1.000000;;
      }

      Frame b_MF_Clavicle_L {
       

       FrameTransformMatrix {
        0.005994,0.971164,0.238338,0.000000,0.999982,-0.005637,-0.002180,0.000000,-0.000773,0.238347,-0.971180,0.000000,9.939568,6.042693,-1.867292,1.000000;;
       }

       Frame b_MF_Armor_Sho_L {
        

        FrameTransformMatrix {
         0.909656,-0.415095,0.014932,0.000000,0.120282,0.228842,-0.966004,0.000000,0.397567,0.880527,0.258096,0.000000,12.620796,-2.324257,1.997944,1.000000;;
        }
       }

       Frame b_MF_UpperArm_L {
        

        FrameTransformMatrix {
         0.375229,-0.915882,-0.142700,0.000000,0.925378,0.379046,0.000472,0.000000,0.053658,-0.132228,0.989766,0.000000,12.406294,-0.000008,-0.000004,1.000000;;
        }

        Frame b_MF_Armroll_L {
         

         FrameTransformMatrix {
          1.000000,-0.000000,-0.000000,0.000000,0.000000,0.969500,-0.245091,0.000000,0.000000,0.245091,0.969500,0.000000,0.000000,0.000000,0.000000,1.000000;;
         }
        }

        Frame b_MF_Forearm_L {
         

         FrameTransformMatrix {
          0.369024,0.000000,-0.929420,0.000000,-0.000000,1.000000,-0.000000,0.000000,0.929420,0.000000,0.369024,0.000000,24.630150,0.000000,0.000000,1.000000;;
         }

         Frame b_MF_Hand_L {
          

          FrameTransformMatrix {
           0.813274,0.251447,-0.524747,0.000000,-0.056496,-0.863429,-0.501297,0.000000,-0.579131,0.437338,-0.687999,0.000000,22.364828,0.000000,0.000000,1.000000;;
          }

          Frame b_MF_Finger_01_L {
           

           FrameTransformMatrix {
            0.988981,-0.132102,-0.066825,0.000000,0.133402,0.990943,0.015362,0.000000,0.064191,-0.024107,0.997646,0.000000,10.713291,-3.581211,-1.046204,1.000000;;
           }

           Frame b_MF_Finger_02_L {
            

            FrameTransformMatrix {
             0.580703,0.000000,0.814116,0.000000,-0.000000,1.000000,-0.000000,0.000000,-0.814116,0.000000,0.580703,0.000000,4.040272,-0.000002,0.000000,1.000000;;
            }

            Frame b_MF_Finger_03_L {
             

             FrameTransformMatrix {
              0.608761,-0.000000,0.793353,0.000000,0.000000,1.000000,0.000000,0.000000,-0.793353,-0.000000,0.608761,0.000000,2.857681,0.000000,0.000006,1.000000;;
             }
            }
           }
          }

          Frame b_MF_Finger_04_L {
           

           FrameTransformMatrix {
            0.999808,-0.000013,0.019605,0.000000,0.000004,1.000000,0.000454,0.000000,-0.019605,-0.000454,0.999808,0.000000,11.191463,-0.968178,-1.254112,1.000000;;
           }

           Frame b_MF_Finger_05_L {
            

            FrameTransformMatrix {
             0.224951,0.000000,0.974370,0.000000,0.000000,1.000000,0.000000,0.000000,-0.974370,0.000000,0.224951,0.000000,4.315147,-0.000002,0.000000,1.000000;;
            }

            Frame b_MF_Finger_06_L {
             

             FrameTransformMatrix {
              0.731354,-0.000000,0.681998,0.000000,-0.000000,1.000000,-0.000000,0.000000,-0.681998,-0.000000,0.731354,0.000000,3.471107,0.000004,0.000006,1.000000;;
             }
            }
           }
          }

          Frame b_MF_Finger_07_L {
           

           FrameTransformMatrix {
            0.996617,0.053969,0.061977,0.000000,-0.053569,0.998531,-0.008088,0.000000,-0.062323,0.004741,0.998045,0.000000,11.060123,1.920130,-0.972961,1.000000;;
           }

           Frame b_MF_Finger_08_L {
            

            FrameTransformMatrix {
             0.216439,-0.000000,0.976296,0.000000,0.000000,1.000000,0.000000,0.000000,-0.976296,0.000000,0.216439,0.000000,3.705688,-0.000006,0.000015,1.000000;;
            }

            Frame b_MF_Finger_09_L {
             

             FrameTransformMatrix {
              0.809017,0.000000,0.587785,0.000000,0.000000,1.000000,-0.000000,0.000000,-0.587785,0.000000,0.809017,0.000000,3.068123,0.000000,0.000000,1.000000;;
             }
            }
           }
          }

          Frame b_MF_Finger_10_L {
           

           FrameTransformMatrix {
            0.968401,0.216290,0.124172,0.000000,-0.226745,0.970889,0.077203,0.000000,-0.103859,-0.102919,0.989253,0.000000,10.439629,4.245375,-0.380661,1.000000;;
           }

           Frame b_MF_Finger_11_L {
            

            FrameTransformMatrix {
             0.587785,-0.000000,0.809017,0.000000,-0.000000,1.000000,0.000000,0.000000,-0.809017,0.000000,0.587785,0.000000,2.845356,0.000000,-0.000015,1.000000;;
            }

            Frame b_MF_Finger_12_L {
             

             FrameTransformMatrix {
              0.642788,-0.000000,0.766044,0.000000,0.000000,1.000000,0.000000,0.000000,-0.766044,-0.000000,0.642788,0.000000,2.244797,-0.000006,-0.000004,1.000000;;
             }
            }
           }
          }

          Frame b_MF_Thumb_01_L {
           

           FrameTransformMatrix {
            0.677396,-0.551737,0.486540,0.000000,0.316155,-0.378843,-0.869784,0.000000,0.664214,0.743010,-0.082192,0.000000,2.060375,-2.291222,0.270561,1.000000;;
           }

           Frame b_MF_Thumb_02_L {
            

            FrameTransformMatrix {
             0.999997,-0.000000,-0.002286,0.000000,-0.000000,1.000000,-0.000000,0.000000,0.002286,0.000000,0.999997,0.000000,4.162125,0.000000,0.000001,1.000000;;
            }

            Frame b_MF_Thumb_03_L {
             

             FrameTransformMatrix {
              0.999885,0.000001,0.015166,0.000000,-0.000000,1.000000,-0.000000,0.000000,-0.015166,0.000000,0.999885,0.000000,3.336937,0.000008,-0.000002,1.000000;;
             }
            }
           }
          }

          Frame b_MF_Weapon_L {
           

           FrameTransformMatrix {
            1.000000,-0.000000,-0.000001,0.000000,0.000000,1.000000,0.000002,0.000000,0.000001,-0.000002,1.000000,0.000000,0.000381,-0.000317,2.322205,1.000000;;
           }

           Frame b_MF_Weapon_L_End {
            

            FrameTransformMatrix {
             1.000000,0.000000,0.000002,0.000000,-0.000000,1.000000,-0.000002,0.000000,-0.000002,0.000002,1.000000,0.000000,0.000000,0.000000,0.000000,1.000000;;
            }
           }
          }
         }

         Frame b_MF_ForeTwist2_L {
          

          FrameTransformMatrix {
           1.000000,-0.000000,0.000000,0.000000,-0.000000,0.172215,0.985060,0.000000,0.000000,-0.985059,0.172215,0.000000,11.182419,0.000000,0.000000,1.000000;;
          }
         }
        }
       }
      }

      Frame b_MF_Clavicle_R {
       

       FrameTransformMatrix {
        0.116809,-0.991934,0.049213,0.000000,-0.993154,-0.116626,0.006589,0.000000,-0.000796,-0.049646,-0.998767,0.000000,9.939568,-6.042702,-1.867256,1.000000;;
       }

       Frame b_MF_Armor_Sho_R {
        

        FrameTransformMatrix {
         0.973742,0.158236,0.163673,0.000000,0.170588,-0.031063,-0.984853,0.000000,-0.150755,0.986913,-0.057240,0.000000,13.884672,2.299477,1.178104,1.000000;;
        }
       }

       Frame b_MF_UpperArm_R {
        

        FrameTransformMatrix {
         0.603956,0.775502,-0.183940,0.000000,-0.547953,0.571605,0.610750,0.000000,0.578779,-0.268076,0.770162,0.000000,12.406301,0.000023,-0.000002,1.000000;;
        }

        Frame b_MF_Armroll_R {
         

         FrameTransformMatrix {
          1.000000,-0.000000,0.000000,0.000000,0.000000,0.990294,-0.138992,0.000000,-0.000000,0.138992,0.990294,0.000000,0.000000,0.000000,0.000000,1.000000;;
         }
        }

        Frame b_MF_Forearm_R {
         

         FrameTransformMatrix {
          -0.102976,0.000000,-0.994684,0.000000,0.000000,1.000000,-0.000000,0.000000,0.994684,-0.000000,-0.102976,0.000000,24.630119,-0.000015,0.000000,1.000000;;
         }

         Frame b_MF_Hand_R {
          

          FrameTransformMatrix {
           0.908534,0.201911,-0.365784,0.000000,-0.226748,-0.497056,-0.837569,0.000000,-0.350930,0.843900,-0.405809,0.000000,22.364830,0.000000,0.000000,1.000000;;
          }

          Frame b_MF_Finger_01_R {
           

           FrameTransformMatrix {
            0.960427,-0.003662,0.278507,0.000000,0.000089,0.999918,0.012841,0.000000,-0.278531,-0.012308,0.960348,0.000000,10.713298,3.581207,-1.046189,1.000000;;
           }

           Frame b_MF_Finger_02_R {
            

            FrameTransformMatrix {
             0.793353,-0.000000,0.608761,0.000000,0.000000,1.000000,0.000000,0.000000,-0.608761,0.000000,0.793353,0.000000,4.040277,0.000000,0.000002,1.000000;;
            }

            Frame b_MF_Finger_03_R {
             

             FrameTransformMatrix {
              0.469472,-0.000000,0.882948,0.000000,0.000000,1.000000,0.000000,0.000000,-0.882948,0.000000,0.469472,0.000000,2.857680,-0.000008,0.000002,1.000000;;
             }
            }
           }
          }

          Frame b_MF_Finger_04_R {
           

           FrameTransformMatrix {
            0.385829,-0.136483,0.912419,0.000000,0.206136,0.976747,0.058938,0.000000,-0.899246,0.165342,0.404991,0.000000,11.191471,0.968185,-1.254107,1.000000;;
           }

           Frame b_MF_Finger_05_R {
            

            FrameTransformMatrix {
             0.366501,0.000000,0.930418,0.000000,0.000000,1.000000,-0.000000,0.000000,-0.930418,0.000000,0.366501,0.000000,4.315157,0.000000,0.000000,1.000000;;
            }

            Frame b_MF_Finger_06_R {
             

             FrameTransformMatrix {
              0.737278,0.000000,0.675590,0.000000,0.000000,1.000000,-0.000000,0.000000,-0.675590,0.000000,0.737278,0.000000,3.471119,-0.000008,0.000000,1.000000;;
             }
            }
           }
          }

          Frame b_MF_Finger_07_R {
           

           FrameTransformMatrix {
            0.355185,-0.088750,0.930573,0.000000,0.209500,0.977718,0.013283,0.000000,-0.911018,0.190237,0.365864,0.000000,11.060126,-1.920128,-0.972960,1.000000;;
           }

           Frame b_MF_Finger_08_R {
            

            FrameTransformMatrix {
             0.461748,0.000000,0.887011,0.000000,-0.000000,1.000000,0.000000,0.000000,-0.887011,-0.000000,0.461748,0.000000,3.705688,0.000000,0.000000,1.000000;;
            }

            Frame b_MF_Finger_09_R {
             

             FrameTransformMatrix {
              0.694658,-0.000000,0.719340,0.000000,0.000000,1.000000,0.000000,0.000000,-0.719340,0.000000,0.694658,0.000000,3.068118,0.000008,0.000000,1.000000;;
             }
            }
           }
          }

          Frame b_MF_Finger_10_R {
           

           FrameTransformMatrix {
            0.432098,-0.083415,0.897960,0.000000,0.180684,0.983531,0.004419,0.000000,-0.883541,0.160338,0.440054,0.000000,10.439627,-4.245384,-0.380654,1.000000;;
           }

           Frame b_MF_Finger_11_R {
            

            FrameTransformMatrix {
             0.587785,-0.000000,0.809017,0.000000,0.000000,1.000000,0.000000,0.000000,-0.809017,0.000000,0.587785,0.000000,2.845356,0.000000,-0.000004,1.000000;;
            }

            Frame b_MF_Finger_12_R {
             

             FrameTransformMatrix {
              0.771625,-0.000000,0.636078,0.000000,0.000000,1.000000,0.000000,0.000000,-0.636078,-0.000000,0.771625,0.000000,2.244795,-0.000008,0.000006,1.000000;;
             }
            }
           }
          }

          Frame b_MF_Thumb_01_R {
           

           FrameTransformMatrix {
            0.640296,0.408582,0.650448,0.000000,-0.219952,-0.713811,0.664902,0.000000,0.735964,-0.568801,-0.367182,0.000000,2.060375,2.291214,0.270567,1.000000;;
           }

           Frame b_MF_Thumb_02_R {
            

            FrameTransformMatrix {
             0.895952,0.000000,0.444151,0.000000,0.000000,1.000000,0.000000,0.000000,-0.444151,0.000000,0.895952,0.000000,4.162121,0.000000,-0.000008,1.000000;;
            }

            Frame b_MF_Thumb_03_R {
             

             FrameTransformMatrix {
              0.949047,0.000000,0.315136,0.000000,0.000000,1.000000,0.000000,0.000000,-0.315136,-0.000000,0.949047,0.000000,3.336923,0.000000,-0.000015,1.000000;;
             }
            }
           }
          }

          Frame b_MF_Weapon_R {
           

           FrameTransformMatrix {
            1.000000,-0.000000,-0.000000,0.000000,0.000000,1.000000,0.000000,0.000000,0.000000,-0.000000,1.000000,0.000000,0.000000,-0.000023,2.322599,1.000000;;
           }

           Frame b_MF_Weapon_R_End {
            

            FrameTransformMatrix {
             1.000000,0.000001,-0.000000,0.000000,-0.000001,1.000000,0.000002,0.000000,0.000000,-0.000002,1.000000,0.000000,-0.000002,0.000000,0.000002,1.000000;;
            }
           }
          }
         }

         Frame b_MF_ForeTwist2_R {
          

          FrameTransformMatrix {
           1.000000,0.000000,-0.000000,0.000000,-0.000000,0.936941,-0.349488,0.000000,0.000000,0.349488,0.936941,0.000000,11.182411,-0.000008,-0.000008,1.000000;;
          }
         }
        }
       }
      }

      Frame b_MF_Neck {
       

       FrameTransformMatrix {
        0.943117,0.104672,0.315553,0.000000,-0.040382,0.978183,-0.203781,0.000000,-0.329999,0.179447,0.926769,0.000000,13.793694,0.000001,0.060116,1.000000;;
       }

       Frame b_MF_Head {
        

        FrameTransformMatrix {
         0.883800,0.082030,-0.460617,0.000000,-0.248934,0.916035,-0.314503,0.000000,0.396143,0.392621,0.830012,0.000000,9.454582,-0.000002,-0.000008,1.000000;;
        }

        Frame b_MF_Face {
         

         FrameTransformMatrix {
          -0.000001,0.999797,-0.020126,0.000000,1.000000,0.000001,-0.000000,0.000000,-0.000000,-0.020126,-0.999797,0.000000,1.489090,-0.003440,-0.171698,1.000000;;
         }

         Frame b_MF_Face_LtEye {
          

          FrameTransformMatrix {
           0.000026,-0.031409,-0.999507,0.000000,-0.012328,0.999431,-0.031407,0.000000,0.999924,0.012323,-0.000362,0.000000,2.677001,3.372421,-8.732191,1.000000;;
          }
         }

         Frame b_MF_Face_LtLowerEyelid {
          

          FrameTransformMatrix {
           -0.000000,-0.342417,-0.939548,0.000000,-1.000000,-0.000001,0.000000,0.000000,-0.000001,0.939548,-0.342417,0.000000,2.680000,3.344284,-8.693564,1.000000;;
          }
         }

         Frame b_MF_Face_LtUpperEyeLid {
          

          FrameTransformMatrix {
           -0.000000,0.117253,-0.993102,0.000000,-1.000000,-0.000001,0.000000,0.000000,-0.000001,0.993102,0.117253,0.000000,2.680000,3.406723,-8.693562,1.000000;;
          }
         }

         Frame b_MF_Face_RtEye {
          

          FrameTransformMatrix {
           -0.000026,-0.031409,-0.999507,0.000000,0.012124,0.999433,-0.031407,0.000000,0.999927,-0.012119,0.000355,0.000000,-2.677277,3.373474,-8.732193,1.000000;;
          }
         }

         Frame b_MF_Face_RtLowerEyelid {
          

          FrameTransformMatrix {
           0.000000,-0.342410,-0.939551,0.000000,1.000000,0.000001,0.000000,0.000000,0.000000,-0.939551,0.342410,0.000000,-2.680393,3.345352,-8.693563,1.000000;;
          }
         }

         Frame b_MF_Face_RtUpperEyeLid {
          

          FrameTransformMatrix {
           0.000008,0.117272,-0.993100,0.000000,1.000000,-0.000001,0.000008,0.000000,0.000000,-0.993100,-0.117272,0.000000,-2.680393,3.407806,-8.693560,1.000000;;
          }
         }

         Frame b_MF_Face_L_Temple {
          

          FrameTransformMatrix {
           1.000000,0.000002,-0.000000,0.000000,-0.000002,1.000000,-0.000000,0.000000,0.000000,0.000000,1.000000,0.000000,5.371897,4.699982,-5.513494,1.000000;;
          }
         }

         Frame b_MF_Face_L_EyeBrow_2 {
          

          FrameTransformMatrix {
           1.000000,0.000002,-0.000000,0.000000,-0.000002,1.000000,-0.000000,0.000000,0.000000,0.000000,1.000000,0.000000,4.080868,4.473557,-9.303614,1.000000;;
          }
         }

         Frame b_MF_Face_R_EyeBrow_1 {
          

          FrameTransformMatrix {
           1.000000,0.000002,-0.000000,0.000000,-0.000002,1.000000,-0.000000,0.000000,0.000000,0.000000,1.000000,0.000000,-1.536396,3.673645,-10.830111,1.000000;;
          }
         }

         Frame b_MF_Face_NoseWrinkle2 {
          

          FrameTransformMatrix {
           1.000000,0.000002,-0.000000,0.000000,-0.000002,1.000000,-0.000000,0.000000,0.000000,0.000000,1.000000,0.000000,-0.000005,3.604355,-10.925892,1.000000;;
          }
         }

         Frame b_MF_Face_L_EyeBrow_1 {
          

          FrameTransformMatrix {
           1.000000,0.000002,-0.000000,0.000000,-0.000002,1.000000,-0.000000,0.000000,0.000000,0.000000,1.000000,0.000000,1.536385,3.673645,-10.830112,1.000000;;
          }
         }

         Frame b_MF_Face_R_Temple {
          

          FrameTransformMatrix {
           1.000000,0.000002,-0.000000,0.000000,-0.000002,1.000000,-0.000000,0.000000,0.000000,0.000000,1.000000,0.000000,-5.371926,4.699966,-5.513509,1.000000;;
          }
         }

         Frame b_MF_Face_R_EyeBrow_2 {
          

          FrameTransformMatrix {
           1.000000,0.000002,-0.000000,0.000000,-0.000002,1.000000,-0.000000,0.000000,0.000000,0.000000,1.000000,0.000000,-3.408669,4.223938,-10.015411,1.000000;;
          }
         }

         Frame b_MF_Face_L_LipCorner {
          

          FrameTransformMatrix {
           1.000000,0.000002,-0.000030,0.000000,-0.000002,1.000000,0.000000,0.000000,0.000030,0.000000,1.000000,0.000000,2.509114,-2.708664,-10.244582,1.000000;;
          }
         }

         Frame b_MF_Face_L_LipTop {
          

          FrameTransformMatrix {
           1.000000,0.000002,-0.000000,0.000000,-0.000002,1.000000,-0.000000,0.000000,0.000000,0.000000,1.000000,0.000000,1.525330,-1.986588,-11.095201,1.000000;;
          }
         }

         Frame b_MF_Face_Lip_Top_Mid {
          

          FrameTransformMatrix {
           1.000000,0.000002,-0.000000,0.000000,-0.000002,1.000000,-0.000000,0.000000,0.000000,0.000000,1.000000,0.000000,-0.000001,-1.918594,-11.364874,1.000000;;
          }
         }

         Frame b_MF_Face_R_LipTop {
          

          FrameTransformMatrix {
           1.000000,0.000002,-0.000000,0.000000,-0.000002,1.000000,-0.000000,0.000000,0.000000,0.000000,1.000000,0.000000,-1.525333,-2.045425,-11.167584,1.000000;;
          }
         }

         Frame b_MF_Face_L_Jaw {
          

          FrameTransformMatrix {
           1.000000,0.000002,-0.000000,0.000000,-0.000002,1.000000,-0.000000,0.000000,0.000000,0.000000,1.000000,0.000000,5.795320,-2.880386,-5.080153,1.000000;;
          }
         }

         Frame b_MF_Face_L_Cheek {
          

          FrameTransformMatrix {
           1.000000,0.000002,-0.000000,0.000000,-0.000002,1.000000,-0.000000,0.000000,0.000000,0.000000,1.000000,0.000000,2.716049,-0.111023,-9.671008,1.000000;;
          }
         }

         Frame b_MF_Face_L_Snarl {
          

          FrameTransformMatrix {
           1.000000,0.000002,-0.000000,0.000000,-0.000002,1.000000,-0.000000,0.000000,0.000000,0.000000,1.000000,0.000000,1.356999,0.577988,-10.939758,1.000000;;
          }
         }

         Frame b_MF_Face_R_Snarl {
          

          FrameTransformMatrix {
           1.000000,0.000002,-0.000000,0.000000,-0.000002,1.000000,-0.000000,0.000000,0.000000,0.000000,1.000000,0.000000,-1.357006,0.577988,-10.939756,1.000000;;
          }
         }

         Frame b_MF_Face_R_Cheek {
          

          FrameTransformMatrix {
           1.000000,0.000002,-0.000000,0.000000,-0.000002,1.000000,-0.000000,0.000000,0.000000,0.000000,1.000000,0.000000,-2.716056,-0.111053,-9.671015,1.000000;;
          }
         }

         Frame b_MF_Face_R_Jaw {
          

          FrameTransformMatrix {
           1.000000,0.000002,-0.000000,0.000000,-0.000002,1.000000,-0.000000,0.000000,0.000000,0.000000,1.000000,0.000000,-5.795340,-2.880417,-5.080171,1.000000;;
          }
         }

         Frame b_MF_Face_R_LipCorner {
          

          FrameTransformMatrix {
           1.000000,0.000002,-0.000000,0.000000,-0.000002,1.000000,-0.000000,0.000000,0.000000,0.000000,1.000000,0.000000,-2.509120,-2.708694,-10.244588,1.000000;;
          }
         }

         Frame b_MF_Face_Jaw {
          

          FrameTransformMatrix {
           1.000000,0.000002,-0.000000,0.000000,-0.000002,1.000000,-0.000000,0.000000,0.000000,0.000000,1.000000,0.000000,0.000003,-0.724991,-3.131383,1.000000;;
          }

          Frame b_MF_Face_Tongue1 {
           

           FrameTransformMatrix {
            1.000000,0.000000,0.000000,0.000000,0.000000,1.000000,0.000000,0.000000,-0.000000,0.000000,1.000000,0.000000,-0.000000,-1.771896,-0.377597,1.000000;;
           }

           Frame b_MF_Face_Tongue2 {
            

            FrameTransformMatrix {
             1.000000,0.000000,0.000000,0.000000,0.000000,1.000000,0.000000,0.000000,-0.000000,0.000000,1.000000,0.000000,0.000013,-0.278427,-3.091705,1.000000;;
            }

            Frame b_MF_Face_Tongue3 {
             

             FrameTransformMatrix {
              1.000000,0.000000,0.000000,0.000000,0.000000,1.000000,0.000000,0.000000,-0.000000,0.000000,1.000000,0.000000,0.000005,-0.238235,-1.189909,1.000000;;
             }

             Frame b_MF_Face_Tongue4 {
              

              FrameTransformMatrix {
               1.000000,0.000000,0.000005,0.000000,0.000001,0.972957,-0.230987,0.000000,-0.000005,0.230987,0.972957,0.000000,0.000006,0.095184,-1.368953,1.000000;;
              }
             }
            }
           }
          }

          Frame b_MF_Face_R_LipBtm {
           

           FrameTransformMatrix {
            1.000000,0.000000,0.000000,0.000000,0.000000,1.000000,0.000000,0.000000,-0.000000,0.000000,1.000000,0.000000,-1.117935,-2.090378,-8.313991,1.000000;;
           }
          }

          Frame b_MF_Face_Lip_Btm_Mid {
           

           FrameTransformMatrix {
            1.000000,0.000000,0.000000,0.000000,0.000000,1.000000,0.000000,0.000000,-0.000000,0.000000,1.000000,0.000000,-0.000006,-2.147827,-8.551310,1.000000;;
           }
          }

          Frame b_MF_Face_L_LipBtm {
           

           FrameTransformMatrix {
            1.000000,0.000000,0.000000,0.000000,0.000000,1.000000,0.000000,0.000000,-0.000000,0.000000,1.000000,0.000000,1.117921,-2.090393,-8.313994,1.000000;;
           }
          }
         }
        }
       }
      }
     }

     Frame b_MF_BackMount_L {
      

      FrameTransformMatrix {
       -0.996964,0.058125,0.051818,0.000000,-0.076482,-0.855976,-0.511327,0.000000,0.014634,-0.513738,0.857823,0.000000,42.979027,14.163566,-22.110907,1.000000;;
      }
     }

     Frame b_MF_BackMount_R {
      

      FrameTransformMatrix {
       -0.997829,-0.065561,-0.006214,0.000000,-0.053519,0.862286,-0.503585,0.000000,0.038374,-0.502159,-0.863923,0.000000,45.242104,-16.124279,-20.377542,1.000000;;
      }
     }
    }
   }

   Frame b_MF_Thigh_L {
    

    FrameTransformMatrix {
     -0.842366,0.139719,0.520479,0.000000,-0.167238,-0.985898,-0.006008,0.000000,0.512300,-0.092104,0.853853,0.000000,0.000000,8.139970,0.000016,1.000000;;
    }

    Frame b_MF_Calf_L {
     

     FrameTransformMatrix {
      0.887733,-0.000000,-0.460358,0.000000,-0.000000,1.000000,0.000000,0.000000,0.460358,0.000000,0.887733,0.000000,36.749958,-0.000008,0.000000,1.000000;;
     }

     Frame b_MF_Foot_L {
      

      FrameTransformMatrix {
       0.982160,0.187858,-0.008442,0.000000,-0.187713,0.982100,0.015602,0.000000,0.011222,-0.013739,0.999843,0.000000,41.294250,0.000004,-0.000007,1.000000;;
      }

      Frame b_MF_Toe_L {
       

       FrameTransformMatrix {
        0.000000,-0.000000,1.000000,0.000000,0.000000,1.000000,0.000000,0.000000,-1.000000,0.000000,0.000000,0.000000,15.572305,-0.000004,13.365990,1.000000;;
       }
      }
     }
    }
   }

   Frame b_MF_Thigh_R {
    

    FrameTransformMatrix {
     -0.932411,-0.290629,0.214814,0.000000,0.205241,-0.915069,-0.347167,0.000000,0.297466,-0.279614,0.912869,0.000000,0.000015,-8.139970,-0.000008,1.000000;;
    }

    Frame b_MF_Calf_R {
     

     FrameTransformMatrix {
      0.801889,-0.000000,-0.597473,0.000000,-0.000000,1.000000,-0.000000,0.000000,0.597473,0.000000,0.801889,0.000000,36.749954,0.000002,-0.000006,1.000000;;
     }

     Frame b_MF_Foot_R {
      

      FrameTransformMatrix {
       0.903311,-0.213068,0.372332,0.000000,0.242188,0.969680,-0.032668,0.000000,-0.354082,0.119683,0.927525,0.000000,41.294262,-0.000002,0.000008,1.000000;;
      }

      Frame b_MF_Toe_R {
       

       FrameTransformMatrix {
        0.000000,-0.000000,1.000000,0.000000,0.000000,1.000000,-0.000000,0.000000,-1.000000,0.000000,0.000000,0.000000,15.572299,0.000002,13.365986,1.000000;;
       }
      }
     }
    }
   }
  }

  Frame b_MF_Camera_Root {
   

   FrameTransformMatrix {
    1.000000,0.000000,0.000000,0.000000,0.000000,1.000000,0.000000,0.000000,0.000000,0.000000,1.000000,0.000000,0.000000,0.000000,0.000000,1.000000;;
   }

   Frame b_MF_Camera {
    

    FrameTransformMatrix {
     1.000000,0.000000,0.000000,0.000000,0.000000,1.000000,0.000000,0.000000,0.000000,0.000000,1.000000,0.000000,0.000000,0.000000,0.000000,1.000000;;
    }
   }
  }

  Frame b_MF_IK_Foot_Root {
   

   FrameTransformMatrix {
    1.000000,0.000000,0.000000,0.000000,0.000000,1.000000,0.000000,0.000000,0.000000,0.000000,1.000000,0.000000,0.000000,0.000000,0.000000,1.000000;;
   }

   Frame b_MF_IK_Foot_L {
    

    FrameTransformMatrix {
     -0.003913,-0.999992,0.000445,0.000000,-0.836160,0.003516,0.548475,0.000000,-0.548472,0.001774,-0.836167,0.000000,13.876823,15.415575,-26.719749,1.000000;;
    }
   }

   Frame b_MF_IK_Foot_R {
    

    FrameTransformMatrix {
     0.003905,-0.999986,-0.003678,0.000000,-0.496624,-0.005131,0.867951,0.000000,-0.867957,-0.001563,-0.496637,0.000000,-4.918129,15.420557,20.767534,1.000000;;
    }
   }
  }

  Frame b_MF_IK_Hand_Root {
   

   FrameTransformMatrix {
    1.000000,0.000000,0.000000,0.000000,0.000000,1.000000,0.000000,0.000000,0.000000,0.000000,1.000000,0.000000,0.000000,0.000000,0.000000,1.000000;;
   }

   Frame b_MF_IK_Gun {
    

    FrameTransformMatrix {
     0.458974,-0.136972,-0.877828,0.000000,-0.015279,0.986681,-0.161946,0.000000,0.888319,0.087742,0.450768,0.000000,-20.560226,103.131950,-1.610781,1.000000;;
    }

    Frame b_MF_IK_Hand_L {
     

     FrameTransformMatrix {
      0.239935,0.286029,-0.927695,0.000000,-0.968140,-0.000045,-0.250410,0.000000,-0.071667,0.958221,0.276906,0.000000,43.525272,0.165207,8.556312,1.000000;;
     }
    }

    Frame b_MF_IK_Hand_R {
     

     FrameTransformMatrix {
      1.000000,0.000000,-0.000000,0.000000,0.000000,1.000000,0.000001,0.000000,-0.000000,-0.000001,1.000000,0.000000,-0.000004,0.000031,-2.322603,1.000000;;
     }
    }
   }
  }
 }

 Frame Cine_COG_MarcusFenix {
  

  FrameTransformMatrix {
   1.000000,0.000000,0.000000,0.000000,0.000000,1.000000,0.000000,0.000000,0.000000,0.000000,1.000000,0.000000,0.000000,0.000000,0.000000,1.000000;;
  }

  Mesh Cine_COG_MarcusFenix {
   8040;
   -0.879855;145.366577;-17.784981;,
   -0.864721;145.304428;-17.855183;,
   -0.976695;145.222122;-18.130190;,
   4.761947;146.057175;-10.672299;,
   4.762880;145.936981;-10.550836;,
   4.469742;145.345657;-10.885165;,
   5.023126;146.246582;-10.091163;,
   5.070813;146.518402;-10.159036;,
   4.362005;145.448486;-11.180722;,
   4.375117;143.900696;-11.187667;,
   4.456980;145.825089;-11.078889;,
   4.625110;146.230164;-10.789466;,
   4.880597;146.703476;-10.252210;,
   4.385977;143.219650;-10.956269;,
   3.921424;143.883133;-11.728812;,
   3.845109;145.361237;-11.637290;,
   3.938066;145.690277;-11.392823;,
   4.117253;146.020721;-11.131749;,
   4.356096;146.384766;-10.825620;,
   4.604723;146.831909;-10.242799;,
   4.177323;146.402802;-10.744927;,
   4.326388;146.775635;-10.170220;,
   4.280071;146.450500;-9.827014;,
   3.978230;146.037018;-11.066918;,
   3.687962;145.776138;-11.504121;,
   5.240398;146.440735;-9.573956;,
   4.527920;145.378510;-9.982257;,
   5.302028;146.734894;-9.613504;,
   5.111310;146.932693;-9.570352;,
   4.867387;147.029266;-9.506831;,
   4.543232;146.938141;-9.526011;,
   5.389510;146.834549;-8.961801;,
   5.145096;146.946030;-8.837176;,
   4.739031;146.888062;-8.881967;,
   4.570690;146.355469;-8.702689;,
   4.861790;146.678085;-8.505514;,
   5.214460;146.652985;-8.420025;,
   5.445757;146.557236;-8.536448;,
   5.260304;146.147736;-8.092809;,
   5.510853;146.077545;-8.237922;,
   5.275578;145.459854;-7.881610;,
   5.505714;145.352081;-8.061578;,
   4.913877;146.192627;-8.189603;,
   4.608798;145.962097;-8.461212;,
   4.919828;145.521896;-7.988253;,
   4.885754;144.870117;-7.958733;,
   5.174310;144.820847;-7.916659;,
   4.774416;143.899887;-8.281643;,
   5.070538;143.875534;-8.177060;,
   4.580281;143.266495;-8.810238;,
   4.247012;143.613037;-9.086403;,
   4.426744;144.028137;-8.708155;,
   4.613472;144.885605;-8.241199;,
   5.482921;144.760696;-8.098172;,
   5.376710;143.892349;-8.357660;,
   4.966643;143.274506;-8.612056;,
   5.241774;143.415558;-8.627781;,
   4.758770;142.764481;-9.349684;,
   4.977886;142.904068;-9.324291;,
   4.714370;142.493546;-9.839688;,
   4.910490;142.728165;-9.832411;,
   4.472183;142.450928;-11.075445;,
   4.758648;142.425110;-10.647874;,
   4.626845;143.214294;-10.573371;,
   4.850382;142.427521;-10.345805;,
   4.924356;142.837570;-9.952232;,
   4.962747;143.190186;-9.434595;,
   5.264701;143.846771;-8.725692;,
   4.961083;143.782349;-9.764158;,
   5.170412;144.737518;-9.105981;,
   4.611208;143.792831;-10.711331;,
   4.626690;144.122025;-10.797803;,
   4.548956;145.362732;-10.530318;,
   5.449405;146.632751;-9.152164;,
   5.473632;146.306274;-8.982435;,
   4.980182;145.425156;-9.374003;,
   4.269246;144.260773;-10.019069;,
   5.485321;144.749725;-8.324108;,
   5.564061;145.188416;-8.295323;,
   5.585369;145.954819;-8.454724;,
   5.544238;146.427704;-8.680211;,
   5.485321;144.749725;-8.324108;,
   26.324295;126.455315;-13.137561;,
   25.865288;128.345901;-11.663518;,
   27.070599;127.061157;-15.726867;,
   26.830345;124.702782;-14.988118;,
   26.779182;124.383179;-14.230822;,
   26.821449;123.548470;-15.556890;,
   26.391197;123.473396;-18.598682;,
   25.619167;127.931862;-19.101284;,
   25.080215;123.826340;-21.597240;,
   22.924374;124.140152;-23.770233;,
   25.203804;122.723328;-22.056223;,
   23.203999;123.090973;-24.210861;,
   23.477962;122.738106;-23.953226;,
   25.025047;122.488312;-22.448483;,
   23.787376;131.380676;-9.219541;,
   24.102997;128.287781;-8.041430;,
   25.493534;131.283539;-12.783285;,
   23.462826;133.359985;-16.216244;,
   21.034851;128.648972;-23.587885;,
   20.330002;124.588799;-24.883999;,
   18.126434;124.937492;-25.288734;,
   17.148209;128.192093;-24.953587;,
   23.122437;133.362122;-10.276615;,
   21.790436;135.058777;-11.929330;,
   19.450695;136.485352;-14.294328;,
   18.417107;134.093292;-20.791050;,
   14.248566;132.375641;-23.001495;,
   10.015434;132.259125;-20.629658;,
   10.940247;133.639984;-20.454130;,
   12.465683;135.158630;-19.735638;,
   14.625111;136.399536;-18.372526;,
   16.585594;136.910004;-16.951645;,
   15.762909;125.590958;-25.028427;,
   14.154045;127.564835;-24.181894;,
   11.621456;129.977722;-22.738607;,
   8.624283;129.439850;-20.792862;,
   9.832016;128.180756;-21.719416;,
   3.783597;142.751373;-12.714019;,
   3.713889;144.343063;-13.576478;,
   3.764725;144.262100;-12.433288;,
   3.487991;145.820923;-13.052783;,
   3.532304;144.468002;-14.633615;,
   3.398304;142.915359;-13.905399;,
   3.777541;141.596497;-12.718176;,
   2.790349;142.162125;-15.610785;,
   3.251835;143.087646;-14.978276;,
   3.162471;141.480637;-14.099637;,
   3.713075;140.050751;-12.761763;,
   3.303033;139.208694;-11.547302;,
   3.635804;140.458618;-11.271304;,
   3.111296;139.147263;-11.153457;,
   3.719405;139.518585;-12.122593;,
   3.926288;140.345291;-11.825111;,
   3.986888;141.793900;-11.814150;,
   3.964256;142.794617;-11.769332;,
   3.921424;143.883133;-11.728812;,
   4.161587;142.718567;-11.350036;,
   3.932138;141.990341;-11.391838;,
   3.629444;140.598236;-10.895490;,
   3.794760;141.576309;-10.520367;,
   3.528435;139.099426;-11.019281;,
   3.542199;139.821472;-10.433562;,
   3.734592;141.518829;-10.879766;,
   4.247012;143.613037;-9.086403;,
   4.314605;143.011368;-8.542215;,
   4.090940;143.059189;-9.534976;,
   4.040448;142.272476;-9.479281;,
   4.007751;142.603348;-9.967155;,
   3.924636;142.127136;-10.464759;,
   3.869681;142.004303;-10.926657;,
   4.066015;142.093002;-11.229023;,
   3.744588;140.791473;-9.605370;,
   4.014178;141.717926;-7.920249;,
   4.123800;143.231506;-7.398547;,
   4.013150;142.244629;-6.594930;,
   4.002602;143.552261;-6.459958;,
   3.640853;142.620865;-5.462916;,
   3.459490;143.801483;-5.153118;,
   2.342746;143.105377;-4.091350;,
   3.003274;138.105057;-10.971582;,
   3.466968;139.090317;-10.248272;,
   4.281121;140.194153;-8.549072;,
   4.528594;141.035110;-7.337313;,
   4.364426;141.533508;-5.966807;,
   3.306959;142.034409;-4.316423;,
   1.787332;142.268021;-2.920543;,
   3.528391;141.203766;-2.824608;,
   4.789796;141.172165;-4.557365;,
   5.437317;140.523163;-6.534056;,
   5.313838;139.770782;-7.870323;,
   4.469632;138.810318;-8.990008;,
   3.301787;137.473114;-10.564956;,
   3.168175;134.947037;-11.213974;,
   2.214726;136.092499;-11.589706;,
   4.956629;137.139862;-9.168804;,
   6.481066;138.289948;-8.063303;,
   4.469632;138.810318;-8.990008;,
   7.042219;139.295990;-6.934601;,
   6.683041;140.499435;-4.902498;,
   5.396553;140.685272;-2.771654;,
   2.895266;137.771484;-11.461222;,
   1.314162;135.457275;-12.343685;,
   -1.566026;134.322922;-13.500463;,
   -0.433485;135.159882;-12.650739;,
   -2.184849;132.925476;-12.236137;,
   -1.503357;133.424011;-12.211000;,
   -0.412124;134.318802;-12.489616;,
   1.762985;136.989319;-11.774193;,
   2.483313;138.285492;-11.439051;,
   -2.668774;133.730042;-13.758249;,
   -0.750284;135.708328;-14.380434;,
   0.611799;136.582382;-13.642295;,
   1.718741;137.486435;-12.430965;,
   2.913410;138.323135;-12.110060;,
   -0.123515;136.574554;-15.643560;,
   -0.930982;136.096878;-16.241621;,
   -0.286708;135.945328;-17.641918;,
   -0.955595;136.262589;-15.252951;,
   -1.672904;135.889404;-15.381468;,
   -1.767282;135.938904;-16.372561;,
   -1.300139;135.765396;-17.706545;,
   -1.448360;135.847305;-18.724634;,
   -0.658189;136.021317;-18.611776;,
