xof 0303txt 0032
template ColorRGBA {
 <35ff44e0-6c7c-11cf-8f52-0040333594a3>
 FLOAT red;
 FLOAT green;
 FLOAT blue;
 FLOAT alpha;
}

template ColorRGB {
 <d3e16e81-7835-11cf-8f52-0040333594a3>
 FLOAT red;
 FLOAT green;
 FLOAT blue;
}

template Material {
 <3d82ab4d-62da-11cf-ab39-0020af71e433>
 ColorRGBA faceColor;
 FLOAT power;
 ColorRGB specularColor;
 ColorRGB emissiveColor;
 [...]
}

template TextureFilename {
 <a42790e1-7810-11cf-8f52-0040333594a3>
 STRING filename;
}

template Frame {
 <3d82ab46-62da-11cf-ab39-0020af71e433>
 [...]
}

template Matrix4x4 {
 <f6f23f45-7686-11cf-8f52-0040333594a3>
 array FLOAT matrix[16];
}

template FrameTransformMatrix {
 <f6f23f41-7686-11cf-8f52-0040333594a3>
 Matrix4x4 frameMatrix;
}

template Vector {
 <3d82ab5e-62da-11cf-ab39-0020af71e433>
 FLOAT x;
 FLOAT y;
 FLOAT z;
}

template MeshFace {
 <3d82ab5f-62da-11cf-ab39-0020af71e433>
 DWORD nFaceVertexIndices;
 array DWORD faceVertexIndices[nFaceVertexIndices];
}

template Mesh {
 <3d82ab44-62da-11cf-ab39-0020af71e433>
 DWORD nVertices;
 array Vector vertices[nVertices];
 DWORD nFaces;
 array MeshFace faces[nFaces];
 [...]
}

template MeshMaterialList {
 <f6f23f42-7686-11cf-8f52-0040333594a3>
 DWORD nMaterials;
 DWORD nFaceIndexes;
 array DWORD faceIndexes[nFaceIndexes];
 [Material <3d82ab4d-62da-11cf-ab39-0020af71e433>]
}

template VertexElement {
 <f752461c-1e23-48f6-b9f8-8350850f336f>
 DWORD Type;
 DWORD Method;
 DWORD Usage;
 DWORD UsageIndex;
}

template DeclData {
 <bf22e553-292c-4781-9fea-62bd554bdd93>
 DWORD nElements;
 array VertexElement Elements[nElements];
 DWORD nDWords;
 array DWORD data[nDWords];
}

template XSkinMeshHeader {
 <3cf169ce-ff7c-44ab-93c0-f78f62d172e2>
 WORD nMaxSkinWeightsPerVertex;
 WORD nMaxSkinWeightsPerFace;
 WORD nBones;
}

template SkinWeights {
 <6f0d123b-bad2-4167-a0d0-80224f25fabb>
 STRING transformNodeName;
 DWORD nWeights;
 array DWORD vertexIndices[nWeights];
 array FLOAT weights[nWeights];
 Matrix4x4 matrixOffset;
}

template AnimTicksPerSecond {
 <9e415a43-7ba6-4a73-8743-b73d47e88476>
 DWORD AnimTicksPerSecond;
}

template Animation {
 <3d82ab4f-62da-11cf-ab39-0020af71e433>
 [...]
}

template AnimationSet {
 <3d82ab50-62da-11cf-ab39-0020af71e433>
 [Animation <3d82ab4f-62da-11cf-ab39-0020af71e433>]
}

template FloatKeys {
 <10dd46a9-775b-11cf-8f52-0040333594a3>
 DWORD nValues;
 array FLOAT values[nValues];
}

template TimedFloatKeys {
 <f406b180-7b3b-11cf-8f52-0040333594a3>
 DWORD time;
 FloatKeys tfkeys;
}

template AnimationKey {
 <10dd46a8-775b-11cf-8f52-0040333594a3>
 DWORD keyType;
 DWORD nKeys;
 array TimedFloatKeys keys[nKeys];
}


Material Material__126 {
 1.000000;1.000000;1.000000;1.000000;;
 10.000000;
 0.000000;0.000000;0.000000;;
 0.000000;0.000000;0.000000;;

 TextureFilename {
  "T_CH_RTeam_FBody01_S01_VBlue_SK1.tga";
 }
}

Material _01_-_Default {
 1.000000;1.000000;1.000000;1.000000;;
 9.999999;
 0.000000;0.000000;0.000000;;
 0.000000;0.000000;0.000000;;

 TextureFilename {
  "T_CH_TwinSouls_FHead02_D01_V01_SK3.tga";
 }
}

Material Material__125 {
 1.000000;1.000000;1.000000;1.000000;;
 10.000000;
 0.000000;0.000000;0.000000;;
 0.000000;0.000000;0.000000;;

 TextureFilename {
  "T_CH_TwinSouls_FNeckStump01_D01_V01_SK1.tga";
 }
}

Frame b_Root {
 

 FrameTransformMatrix {
  1.000000,0.000000,0.000000,0.000000,0.000000,1.000000,0.000000,0.000000,0.000000,0.000000,1.000000,0.000000,0.000000,0.000000,0.000000,1.000000;;
 }

 Frame b_IK_Hand_Root {
  

  FrameTransformMatrix {
   1.000000,0.000000,0.000000,0.000000,0.000000,1.000000,0.000000,0.000000,0.000000,0.000000,1.000000,0.000000,0.000000,0.000000,0.000000,1.000000;;
  }

  Frame b_IK_Gun {
   

   FrameTransformMatrix {
    -0.077689,-0.989545,0.121516,0.000000,-0.211441,-0.102758,-0.971974,0.000000,0.974298,-0.101205,-0.201247,0.000000,-15.648635,51.977406,11.328371,1.000000;;
   }

   Frame b_IK_Hand_R {
    

    FrameTransformMatrix {
     1.000000,0.000000,0.000000,0.000000,-0.000000,1.000000,0.000001,0.000000,-0.000000,-0.000001,1.000000,0.000000,0.000000,0.000000,0.000000,1.000000;;
    }
   }

   Frame b_IK_Hand_L {
    

    FrameTransformMatrix {
     0.984764,0.116735,0.128894,0.000000,-0.008062,-0.709758,0.704400,0.000000,0.173712,-0.694706,-0.698003,0.000000,-5.331242,14.047890,31.026051,1.000000;;
    }
   }
  }
 }

 Frame b_IK_Foot_Root {
  

  FrameTransformMatrix {
   1.000000,0.000000,0.000000,0.000000,0.000000,1.000000,0.000000,0.000000,0.000000,0.000000,1.000000,0.000000,0.000000,0.000000,0.000000,1.000000;;
  }

  Frame b_IK_Foot_L {
   

   FrameTransformMatrix {
    0.015990,-0.999865,-0.003697,0.000000,-0.798251,-0.014992,0.602138,0.000000,-0.602112,-0.006677,-0.798384,0.000000,9.005116,9.694849,-12.706685,1.000000;;
   }
  }

  Frame b_IK_Foot_R {
   

   FrameTransformMatrix {
    0.020964,-0.999773,0.003846,0.000000,-0.535546,-0.007981,0.844468,0.000000,-0.844245,-0.019763,-0.535592,0.000000,-3.987013,9.647302,7.270959,1.000000;;
   }
  }
 }

 Frame b_Hips {
  

  FrameTransformMatrix {
   0.120039,0.985714,-0.118144,0.000000,0.586222,-0.166420,-0.792874,0.000000,-0.801208,0.025917,-0.597824,0.000000,-2.028606,51.883587,0.963758,1.000000;;
  }

  Frame b_LeftLegUpper {
   

   FrameTransformMatrix {
    -0.879370,0.452757,0.147379,0.000000,-0.443074,-0.891450,0.094884,0.000000,0.174340,0.018138,0.984519,0.000000,-0.000004,5.307254,0.000010,1.000000;;
   }

   Frame b_LeftLeg {
    

    FrameTransformMatrix {
     0.930386,-0.000000,-0.366582,0.000000,0.000000,1.000000,-0.000001,0.000000,0.366582,0.000000,0.930386,0.000000,21.711674,0.000004,0.000000,1.000000;;
    }

    Frame b_LeftAnkle {
     

     FrameTransformMatrix {
      0.949526,0.272874,0.154728,0.000000,-0.293085,0.947542,0.127534,0.000000,-0.111810,-0.166445,0.979691,0.000000,22.168419,0.000000,-0.000004,1.000000;;
     }

     Frame b_LeftToe {
      

      FrameTransformMatrix {
       -0.000000,-0.000000,1.000000,0.000000,0.000000,1.000000,0.000000,0.000000,-1.000000,0.000000,0.000000,0.000000,9.735816,0.000002,7.089820,1.000000;;
      }
     }
    }
   }

   Frame b_LeftLegUpperRoll {
    

    FrameTransformMatrix {
     1.000000,-0.000001,-0.000001,0.000000,0.000000,0.998846,-0.048023,0.000000,0.000001,0.048023,0.998846,0.000000,0.000000,0.000000,0.000000,1.000000;;
    }
   }
  }

  Frame b_RightLegUpper {
   

   FrameTransformMatrix {
    -0.985604,0.133944,0.103172,0.000000,-0.139680,-0.988908,-0.050505,0.000000,0.095263,-0.064189,0.993380,0.000000,-0.000004,-5.307254,-0.000005,1.000000;;
   }

   Frame b_RightLeg {
    

    FrameTransformMatrix {
     0.937221,-0.000000,-0.348735,0.000000,0.000001,1.000000,0.000000,0.000000,0.348736,-0.000000,0.937221,0.000000,21.711674,0.000003,-0.000005,1.000000;;
    }

    Frame b_RightAnkle {
     

     FrameTransformMatrix {
      0.978309,-0.034035,0.204334,0.000000,0.038207,0.999133,-0.016506,0.000000,-0.203595,0.023955,0.978762,0.000000,22.168415,0.000003,-0.000000,1.000000;;
     }

     Frame b_RightToe {
      

      FrameTransformMatrix {
       -0.000000,-0.000000,1.000000,0.000000,-0.000000,1.000000,0.000000,0.000000,-1.000000,-0.000000,-0.000000,0.000000,9.735819,0.000003,7.089822,1.000000;;
      }
     }
    }
   }

   Frame b_RightLegUpperRoll {
    

    FrameTransformMatrix {
     1.000000,-0.000001,0.000000,0.000000,0.000001,0.999677,0.025396,0.000000,-0.000000,-0.025396,0.999677,0.000000,0.000000,0.000000,0.000000,1.000000;;
    }
   }
  }

  Frame b_Spine {
   

   FrameTransformMatrix {
    0.995870,-0.090655,0.004936,0.000000,0.090743,0.995622,-0.022404,0.000000,-0.002883,0.022760,0.999737,0.000000,4.700787,0.000000,-0.213655,1.000000;;
   }

   Frame b_Spine1 {
    

    FrameTransformMatrix {
     0.997843,-0.065459,0.004893,0.000000,0.065416,0.985464,-0.156788,0.000000,0.005442,0.156771,0.987620,0.000000,5.541542,0.000000,-0.005256,1.000000;;
    }

    Frame b_Spine2 {
     

     FrameTransformMatrix {
      0.998824,-0.043184,0.022033,0.000000,0.046185,0.985770,-0.161630,0.000000,-0.014740,0.162458,0.986605,0.000000,6.626564,0.000000,-0.006585,1.000000;;
     }

     Frame b_LeftClav {
      

      FrameTransformMatrix {
       -0.049374,0.998776,0.002931,0.000000,0.998780,0.049376,-0.000614,0.000000,-0.000758,0.002897,-0.999996,0.000000,6.688179,2.504510,-0.367035,1.000000;;
      }

      Frame b_LeftArm {
       

       FrameTransformMatrix {
        0.473661,-0.868176,0.148040,0.000000,0.826596,0.380222,-0.414933,0.000000,0.303946,0.318907,0.897727,0.000000,5.637551,0.000008,0.000026,1.000000;;
       }

       Frame b_LeftForeArm {
        

        FrameTransformMatrix {
         0.892183,-0.000000,-0.451674,0.000000,0.000000,1.000000,-0.000000,0.000000,0.451674,0.000000,0.892183,0.000000,12.628197,0.000000,0.000000,1.000000;;
        }

        Frame b_LeftHand {
         

         FrameTransformMatrix {
          0.933517,-0.335762,0.125739,0.000000,-0.152377,-0.054091,0.986841,0.000000,-0.324543,-0.940392,-0.101658,0.000000,12.578514,-0.000004,-0.000003,1.000000;;
         }

         Frame b_LeftMiddle1 {
          

          FrameTransformMatrix {
           0.895081,0.050422,0.443044,0.000000,-0.110297,0.987746,0.110419,0.000000,-0.432048,-0.147700,0.889674,0.000000,5.545380,-0.427335,-0.049814,1.000000;;
          }

          Frame b_LeftMiddle2 {
           

           FrameTransformMatrix {
            0.961262,-0.000000,0.275638,0.000000,0.000000,1.000000,-0.000000,0.000000,-0.275637,0.000000,0.961262,0.000000,2.430016,0.000002,-0.000003,1.000000;;
           }

           Frame b_LeftMilddle3 {
            

            FrameTransformMatrix {
             0.961262,-0.000000,0.275637,0.000000,0.000000,1.000000,-0.000000,0.000000,-0.275637,0.000000,0.961262,0.000000,1.182571,0.000000,0.000004,1.000000;;
            }
           }
          }
         }

         Frame b_LeftIndex1 {
          

          FrameTransformMatrix {
           0.907026,-0.139626,0.397251,0.000000,0.148601,0.988863,0.008273,0.000000,-0.393981,0.051528,0.917673,0.000000,5.405750,-1.888280,-0.060354,1.000000;;
          }

          Frame b_LeftIndex2 {
           

           FrameTransformMatrix {
            0.990268,0.000000,0.139173,0.000000,-0.000000,1.000000,-0.000000,0.000000,-0.139173,0.000000,0.990268,0.000000,1.903202,0.000000,0.000004,1.000000;;
           }

           Frame b_LeftIndex3 {
            

            FrameTransformMatrix {
             0.990268,-0.000000,0.139173,0.000000,0.000000,1.000000,0.000000,0.000000,-0.139173,0.000000,0.990268,0.000000,1.145214,0.000000,0.000000,1.000000;;
            }
           }
          }
         }

         Frame b_LeftWeapon {
          

          FrameTransformMatrix {
           -0.000000,0.000262,-1.000000,0.000000,-0.000261,-1.000000,-0.000262,0.000000,-1.000000,0.000261,0.000000,0.000000,6.171768,-1.394088,1.798468,1.000000;;
          }
         }

         Frame b_LeftRing1 {
          

          FrameTransformMatrix {
           0.720194,0.195805,0.665568,0.000000,-0.268318,0.963305,0.006943,0.000000,-0.639786,-0.183584,0.746305,0.000000,5.420395,0.781127,0.055288,1.000000;;
          }

          Frame b_LeftRing2 {
           

           FrameTransformMatrix {
            0.906308,-0.000000,0.422619,0.000000,0.000000,1.000000,-0.000000,0.000000,-0.422619,0.000000,0.906308,0.000000,2.123764,0.000002,0.000005,1.000000;;
           }

           Frame b_LeftRing3 {
            

            FrameTransformMatrix {
             0.906308,-0.000000,0.422618,0.000000,0.000000,1.000000,0.000000,0.000000,-0.422618,0.000000,0.906308,0.000000,1.036589,-0.000004,0.000000,1.000000;;
            }
           }
          }
         }

         Frame b_LeftPinky1 {
          

          FrameTransformMatrix {
           0.401217,0.201446,0.893557,0.000000,-0.424990,0.905102,-0.013223,0.000000,-0.811424,-0.374447,0.448754,0.000000,4.983238,2.055474,0.293257,1.000000;;
          }

          Frame b_LeftPinky2 {
           

           FrameTransformMatrix {
            0.857167,-0.000000,0.515038,0.000000,0.000000,1.000000,-0.000000,0.000000,-0.515038,0.000000,0.857167,0.000000,1.552067,0.000000,0.000000,1.000000;;
           }

           Frame b_LeftPinky3 {
            

            FrameTransformMatrix {
             0.857167,0.000000,0.515038,0.000000,0.000000,1.000000,0.000000,0.000000,-0.515038,-0.000000,0.857167,0.000000,0.867518,0.000000,0.000000,1.000000;;
            }
           }
          }
         }

         Frame b_LeftThumb1 {
          

          FrameTransformMatrix {
           0.819801,-0.293246,0.491867,0.000000,0.399769,-0.321921,-0.858225,0.000000,0.410014,0.900208,-0.146681,0.000000,1.542938,-1.056307,0.792665,1.000000;;
          }

          Frame b_LeftThumb2 {
           

           FrameTransformMatrix {
            0.994522,0.000000,0.104528,0.000000,0.000000,1.000000,-0.000000,0.000000,-0.104528,0.000000,0.994522,0.000000,2.132870,-0.000004,0.000004,1.000000;;
           }

           Frame b_LeftThumb3 {
            

            FrameTransformMatrix {
             0.994522,0.000000,0.104529,0.000000,-0.000000,1.000000,0.000001,0.000000,-0.104529,-0.000001,0.994522,0.000000,1.096725,-0.000002,0.000001,1.000000;;
            }
           }
          }
         }
        }

        Frame b_LeftForeArmRoll {
         

         FrameTransformMatrix {
          1.000000,-0.000000,0.000000,0.000000,0.000000,0.999625,0.027376,0.000000,-0.000000,-0.027376,0.999625,0.000000,-0.000008,-0.000004,-0.000003,1.000000;;
         }
        }
       }

       Frame b_LeftArmRoll {
        

        FrameTransformMatrix {
         1.000000,-0.000000,-0.000000,0.000000,0.000000,0.993498,-0.113851,0.000000,0.000000,0.113851,0.993498,0.000000,0.000000,0.000000,0.000000,1.000000;;
        }
       }
      }

      Frame b_LeftShoulderPad {
       

       FrameTransformMatrix {
        0.966970,-0.254856,-0.004089,0.000000,0.244484,0.931914,-0.267888,0.000000,0.072083,0.258040,0.963441,0.000000,7.124218,1.847549,0.976969,1.000000;;
       }
      }
     }

     Frame b_Neck {
      

      FrameTransformMatrix {
       0.968237,-0.025631,0.248719,0.000000,0.066684,0.985173,-0.158072,0.000000,-0.240980,0.169637,0.955590,0.000000,10.830116,-0.000004,0.152268,1.000000;;
      }

      Frame b_Head {
       

       FrameTransformMatrix {
        0.972530,0.115538,-0.202081,0.000000,-0.165784,0.953190,-0.252874,0.000000,0.163405,0.279429,0.946160,0.000000,4.719231,-0.000000,0.000002,1.000000;;
       }

       Frame b_Hair_01 {
        

        FrameTransformMatrix {
         -0.026178,-0.069732,-0.997222,0.000000,0.000000,0.997564,-0.069756,0.000000,0.999657,-0.001826,-0.026115,0.000000,3.002113,0.272438,-5.155514,1.000000;;
        }

        Frame b_Hair_02 {
         

         FrameTransformMatrix {
          0.997564,-0.069757,0.000128,0.000000,0.069756,0.997564,0.000005,0.000000,-0.000128,0.000004,1.000000,0.000000,4.137644,-0.000001,0.000031,1.000000;;
         }

         Frame b_Hair_03 {
          

          FrameTransformMatrix {
           0.986001,0.129810,-0.104655,0.000000,-0.130526,0.991445,0.000012,0.000000,0.103761,0.013649,0.994509,0.000000,5.945163,0.000001,-0.000755,1.000000;;
          }

          Frame b_Hair_04 {
           

           FrameTransformMatrix {
            1.000000,0.000000,0.000000,0.000000,-0.000000,1.000000,0.000000,0.000000,-0.000000,0.000000,1.000000,0.000000,2.969288,0.000001,0.000000,1.000000;;
           }

           Frame b_Hair_05 {
            

            FrameTransformMatrix {
             1.000000,0.000000,0.000000,0.000000,0.000000,1.000000,-0.000000,0.000000,-0.000000,-0.000000,1.000000,0.000000,1.682248,-0.000008,0.000008,1.000000;;
            }

            Frame b_Hair_06 {
             

             FrameTransformMatrix {
              0.981627,-0.000000,0.190809,0.000000,0.000000,1.000000,-0.000000,0.000000,-0.190809,0.000000,0.981627,0.000000,2.541855,0.000008,0.000000,1.000000;;
             }

             Frame b_Hair_07 {
              

              FrameTransformMatrix {
               0.986285,0.000000,0.165048,0.000000,-0.000000,1.000000,0.000000,0.000000,-0.165048,-0.000000,0.986285,0.000000,2.532047,-0.000007,0.000000,1.000000;;
              }
             }
            }
           }

           Frame b_Hair_Little_01 {
            

            FrameTransformMatrix {
             0.976510,0.205521,0.064724,0.000000,-0.203322,0.978336,-0.038982,0.000000,-0.071333,0.024906,0.997142,0.000000,1.720697,1.189251,0.857658,1.000000;;
            }

            Frame b_Hair_Little_02 {
             

             FrameTransformMatrix {
              0.962844,-0.104528,0.249008,0.000000,0.101199,0.994522,0.026172,0.000000,-0.250379,-0.000000,0.968148,0.000000,2.285517,0.000000,0.000023,1.000000;;
             }
            }
           }

           Frame b_Hair_Little_03 {
            

            FrameTransformMatrix {
             0.997211,0.023792,0.070744,0.000000,-0.021963,0.999407,-0.026534,0.000000,-0.071334,0.024906,0.997142,0.000000,1.766134,-0.034937,0.891510,1.000000;;
            }

            Frame b_Hair_Little_04 {
             

             FrameTransformMatrix {
              0.949375,0.241709,0.200658,0.000000,-0.234390,0.970300,-0.059833,0.000000,-0.209160,0.009772,0.977833,0.000000,2.663788,-0.000001,0.000015,1.000000;;
             }
            }
           }

           Frame b_Hair_Little_05 {
            

            FrameTransformMatrix {
             0.999324,0.005463,0.036358,0.000000,-0.004523,0.999654,-0.025903,0.000000,-0.036487,0.025721,0.999003,0.000000,1.177951,-1.155848,-0.655296,1.000000;;
            }

            Frame b_Hair_Little_06 {
             

             FrameTransformMatrix {
              0.912955,-0.126437,0.387977,0.000000,0.129994,0.991366,0.017183,0.000000,-0.386800,0.034747,0.921509,0.000000,2.338949,-0.000001,0.000000,1.000000;;
             }
            }
           }

           Frame b_Hair_Little_07 {
            

            FrameTransformMatrix {
             0.989446,-0.119556,-0.081865,0.000000,0.116932,0.992482,-0.036149,0.000000,0.085571,0.026195,0.995988,0.000000,1.910960,0.096427,-1.044304,1.000000;;
            }

            Frame b_Hair_Little_08 {
             

             FrameTransformMatrix {
              0.955099,0.270612,-0.120645,0.000000,-0.261221,0.961247,0.088137,0.000000,0.139821,-0.052664,0.988775,0.000000,2.338948,-0.000001,0.000015,1.000000;;
             }
            }
           }

           Frame b_Hair_Little_09 {
            

            FrameTransformMatrix {
             0.998850,0.047932,0.000416,0.000000,-0.047914,0.998639,-0.020621,0.000000,-0.001404,0.020578,0.999787,0.000000,1.546614,1.516634,-0.030037,1.000000;;
            }

            Frame b_Hair_Little_10 {
             

             FrameTransformMatrix {
              0.929764,0.034635,-0.366525,0.000000,-0.039030,0.999228,-0.004584,0.000000,0.366083,0.018568,0.930397,0.000000,2.338948,-0.000001,0.000015,1.000000;;
             }
            }
           }
          }
         }
        }
       }
      }
     }

     Frame b_RightClav {
      

      FrameTransformMatrix {
       -0.014015,-0.998127,0.059558,0.000000,-0.999902,0.014038,-0.000042,0.000000,-0.000794,-0.059553,-0.998225,0.000000,6.688187,-2.504514,-0.367021,1.000000;;
      }

      Frame b_RightArm {
       

       FrameTransformMatrix {
        0.387152,0.894653,0.222955,0.000000,-0.913762,0.404583,-0.036763,0.000000,-0.123094,-0.189495,0.974135,0.000000,5.637548,0.000000,-0.000001,1.000000;;
       }

       Frame b_RightForeArm {
        

        FrameTransformMatrix {
         0.934190,-0.000000,-0.356775,0.000000,0.000000,1.000000,-0.000000,0.000000,0.356775,0.000000,0.934190,0.000000,12.628181,0.000008,0.000000,1.000000;;
        }

        Frame b_RightHand {
         

         FrameTransformMatrix {
          0.949122,0.237417,0.206885,0.000000,0.112760,0.357184,-0.927203,0.000000,-0.294029,0.903357,0.312240,0.000000,12.578514,0.000011,0.000000,1.000000;;
         }

         Frame b_RightMiddle1 {
          

          FrameTransformMatrix {
           0.913912,-0.006315,0.405864,0.000000,0.056438,0.992144,-0.111647,0.000000,-0.401971,0.124942,0.907088,0.000000,5.545383,0.427340,-0.049812,1.000000;;
          }

          Frame b_RightMiddle2 {
           

           FrameTransformMatrix {
            0.970296,-0.000000,0.241922,0.000000,0.000000,1.000000,0.000000,0.000000,-0.241922,-0.000000,0.970296,0.000000,2.429996,0.000001,-0.000004,1.000000;;
           }

           Frame b_RightMiddle3 {
            

            FrameTransformMatrix {
             0.970296,-0.000000,0.241922,0.000000,0.000000,1.000000,-0.000000,0.000000,-0.241922,0.000000,0.970296,0.000000,1.182571,-0.000002,-0.000001,1.000000;;
            }
           }
          }
         }

         Frame b_RightIndex1 {
          

          FrameTransformMatrix {
           0.920224,0.141339,0.364982,0.000000,-0.148601,0.988863,-0.008273,0.000000,-0.362087,-0.046624,0.930978,0.000000,5.405754,1.888281,-0.060356,1.000000;;
          }

          Frame b_RightIndex2 {
           

           FrameTransformMatrix {
            0.994522,-0.000000,0.104529,0.000000,0.000000,1.000000,-0.000000,0.000000,-0.104529,0.000000,0.994522,0.000000,1.903202,0.000002,0.000000,1.000000;;
           }

           Frame b_RightIndex3 {
            

            FrameTransformMatrix {
             0.994522,-0.000000,0.104528,0.000000,0.000000,1.000000,-0.000000,0.000000,-0.104528,0.000000,0.994522,0.000000,1.145222,0.000005,0.000003,1.000000;;
            }
           }
          }
         }

         Frame b_RightWeapon {
          

          FrameTransformMatrix {
           -0.000001,-0.000000,1.000000,0.000000,0.000000,1.000000,0.000000,0.000000,-1.000000,0.000000,-0.000001,0.000000,6.171749,1.394024,1.798344,1.000000;;
          }
         }

         Frame b_RightThumb1 {
          

          FrameTransformMatrix {
           0.826832,0.277490,0.489233,0.000000,-0.399770,-0.321921,0.858226,0.000000,0.395643,-0.905189,-0.155242,0.000000,1.542938,1.056311,0.792662,1.000000;;
          }

          Frame b_RightThumb2 {
           

           FrameTransformMatrix {
            0.992546,-0.000000,0.121869,0.000000,0.000000,1.000000,0.000000,0.000000,-0.121869,0.000000,0.992546,0.000000,2.132866,-0.000001,0.000005,1.000000;;
           }

           Frame b_RightThumb3 {
            

            FrameTransformMatrix {
             0.992546,-0.000000,0.121870,0.000000,0.000000,1.000000,0.000000,0.000000,-0.121870,0.000000,0.992546,0.000000,1.096725,0.000003,-0.000004,1.000000;;
            }
           }
          }
         }

         Frame b_RightRing1 {
          

          FrameTransformMatrix {
           0.792763,-0.128226,0.595890,0.000000,0.194715,0.979673,-0.048236,0.000000,-0.577592,0.154268,0.801616,0.000000,5.420391,-0.781127,0.055290,1.000000;;
          }

          Frame b_RightRing2 {
           

           FrameTransformMatrix {
            0.939693,-0.000000,0.342020,0.000000,0.000000,1.000000,0.000000,0.000000,-0.342020,0.000000,0.939693,0.000000,2.123779,0.000000,-0.000005,1.000000;;
           }

           Frame b_RightRing3 {
            

            FrameTransformMatrix {
             0.939693,0.000000,0.342020,0.000000,-0.000000,1.000000,0.000000,0.000000,-0.342020,-0.000000,0.939693,0.000000,1.036579,0.000000,0.000000,1.000000;;
            }
           }
          }
         }

         Frame b_RightPinky1 {
          

          FrameTransformMatrix {
           0.551869,-0.155611,0.819284,0.000000,0.369327,0.926443,-0.072814,0.000000,-0.747689,0.342767,0.568746,0.000000,4.983238,-2.055473,0.293259,1.000000;;
          }

          Frame b_RightPinky2 {
           

           FrameTransformMatrix {
            0.920505,-0.000000,0.390731,0.000000,0.000000,1.000000,0.000000,0.000000,-0.390731,-0.000000,0.920505,0.000000,1.552074,0.000000,0.000000,1.000000;;
           }

           Frame b_RightPinky3 {
            

            FrameTransformMatrix {
             0.920505,-0.000000,0.390731,0.000000,0.000000,1.000000,0.000000,0.000000,-0.390731,0.000000,0.920505,0.000000,0.867516,0.000000,0.000004,1.000000;;
            }
           }
          }
         }
        }

        Frame b_RightForeArmRoll {
         

         FrameTransformMatrix {
          1.000000,0.000000,-0.000000,0.000000,0.000000,0.983147,0.182820,0.000000,0.000000,-0.182820,0.983147,0.000000,-0.000004,0.000008,0.000001,1.000000;;
         }
        }
       }

       Frame b_RightArmRoll {
        

        FrameTransformMatrix {
         1.000000,-0.000000,-0.000000,0.000000,0.000000,0.999822,0.018859,0.000000,0.000000,-0.018859,0.999822,0.000000,0.000000,0.000000,0.000000,1.000000;;
        }
       }
      }

      Frame b_RightShoulderPad {
       

       FrameTransformMatrix {
        -0.927190,-0.364839,-0.084917,0.000000,-0.374043,0.889473,0.262546,0.000000,-0.020255,0.275193,-0.961176,0.000000,7.371114,-2.572174,0.731406,1.000000;;
       }
      }
     }
    }
   }
  }
 }
}

Frame SK_CH_RTeam_Female_Arms01 {
 

 FrameTransformMatrix {
  1.000000,0.000000,0.000000,0.000000,0.000000,1.000000,0.000000,0.000000,0.000000,0.000000,1.000000,0.000000,0.000000,0.000000,0.000000,1.000000;;
 }

 Mesh SK_CH_RTeam_Female_Arms01 {
  1191;
  10.736355;49.278793;-10.621336;,
  10.870544;49.285896;-10.036905;,
  10.334885;49.563110;-10.355519;,
  9.633637;48.239521;-9.832438;,
  10.388611;48.513786;-9.814465;,
  10.131982;48.100842;-9.783237;,
  9.859633;48.697395;-9.980589;,
  10.334885;49.563110;-10.355519;,
  10.870544;49.285896;-10.036905;,
  10.062023;50.026085;-9.811235;,
  9.683932;49.059414;-9.572313;,
  10.092078;50.290588;-9.863102;,
  10.062023;50.026085;-9.811235;,
  10.174307;50.540161;-9.932714;,
  10.639183;50.311470;-10.758642;,
  10.393968;50.949753;-10.061365;,
  11.111805;51.308640;-10.964581;,
  10.870474;51.547478;-10.236950;,
  11.467594;51.846092;-11.001876;,
  11.610258;50.978878;-11.437117;,
  12.101040;52.514313;-11.633724;,
  11.891623;51.706337;-11.486654;,
  11.738670;52.444366;-11.125893;,
  13.680785;55.189323;-10.220509;,
  11.614476;52.502541;-10.495135;,
  11.249171;51.942780;-10.344790;,
  12.503600;51.511314;-11.606834;,
  12.759108;52.463879;-11.769936;,
  13.325107;52.356354;-11.499064;,
  13.944116;52.298824;-11.079264;,
  13.118547;51.411400;-11.365694;,
  13.719807;51.388153;-10.915878;,
  13.017311;50.309406;-11.270111;,
  12.302748;50.577358;-11.538326;,
  11.228655;49.601082;-11.456320;,
  12.156192;49.112099;-11.603233;,
  13.069555;48.833656;-11.232613;,
  12.896945;47.841770;-11.372233;,
  13.243152;47.637508;-10.792233;,
  13.002285;47.200165;-10.768216;,
  12.908182;47.462944;-10.208222;,
  12.723837;47.551582;-9.719302;,
  13.206287;47.233009;-10.312065;,
  12.913912;47.013332;-9.715763;,
  13.681311;47.196899;-10.350321;,
  13.737399;47.794201;-10.550230;,
  13.652392;50.223076;-10.734432;,
  13.793447;48.819592;-10.571976;,
  13.995467;47.923889;-9.945310;,
  13.859755;47.499432;-9.790263;,
  13.795885;47.035976;-9.542365;,
  13.597406;46.743713;-9.947570;,
  13.698549;47.987064;-9.354781;,
  13.859755;47.499432;-9.790263;,
  13.995467;47.923889;-9.945310;,
  14.514423;48.207790;-9.892365;,
  13.995467;47.923889;-9.945310;,
  14.834819;47.827003;-8.970191;,
  14.567580;47.878956;-9.695229;,
  14.754798;48.251915;-9.266622;,
  13.995467;47.923889;-9.945310;,
  14.013432;48.798256;-8.653393;,
  14.379498;48.450947;-8.752213;,
  14.665558;48.594227;-9.278244;,
  14.376593;48.969601;-10.093365;,
  14.182497;50.182678;-10.229984;,
  14.079762;51.392555;-10.411224;,
  13.769672;49.661755;-8.763062;,
  14.567963;49.257328;-9.389593;,
  14.423090;50.298203;-9.539713;,
  14.267971;51.372932;-9.700577;,
  14.366022;52.299805;-10.585795;,
  14.327761;52.233612;-9.913490;,
  13.599859;52.193550;-9.209301;,
  13.761383;51.571327;-8.883331;,
  13.879965;50.802280;-8.768835;,
  9.497292;47.593452;-8.741401;,
  10.235490;47.938721;-8.935188;,
  9.677828;48.193489;-8.762909;,
  10.011956;47.688999;-9.636206;,
  10.384730;48.339493;-9.070864;,
  9.885180;47.419319;-8.925914;,
  9.408531;47.273178;-9.074159;,
  9.201014;47.536667;-9.154811;,
  9.417000;48.167652;-9.299662;,
  9.860111;48.621346;-8.794056;,
  9.682890;47.224857;-9.348424;,
  9.472241;48.573460;-9.434126;,
  9.683932;49.059414;-9.572313;,
  10.114946;49.066437;-8.897520;,
  10.574695;50.054375;-9.089634;,
  10.062023;50.026085;-9.811235;,
  10.744249;50.384007;-9.106891;,
  10.092078;50.290588;-9.863102;,
  10.624582;48.701096;-9.082577;,
  11.203581;49.625462;-9.224861;,
  10.996498;50.635437;-9.185232;,
  10.174307;50.540161;-9.932714;,
  11.176630;51.089348;-9.247967;,
  10.393968;50.949753;-10.061365;,
  12.660258;51.201252;-8.913124;,
  13.761383;51.571327;-8.883331;,
  12.653357;51.767815;-8.929192;,
  11.465747;51.606731;-9.384066;,
  12.458904;50.342754;-9.034531;,
  12.093876;49.506432;-9.263409;,
  12.034936;48.528343;-9.508703;,
  11.158441;48.818314;-10.057528;,
  11.911097;47.791996;-9.749034;,
  12.749807;52.253273;-9.267840;,
  11.646646;51.981262;-9.493333;,
  10.870474;51.547478;-10.236950;,
  11.249171;51.942780;-10.344790;,
  11.932337;52.352577;-9.790123;,
  13.680785;55.189323;-10.220509;,
  13.599859;52.193550;-9.209301;,
  11.614476;52.502541;-10.495135;,
  14.522017;48.071175;-8.613250;,
  13.834526;48.222088;-8.849356;,
  13.996276;47.890209;-8.716793;,
  14.379498;48.450947;-8.752213;,
  14.013432;48.798256;-8.653393;,
  13.531362;48.514778;-8.720248;,
  13.769672;49.661755;-8.763062;,
  13.879965;50.802280;-8.768835;,
  13.402909;48.214893;-8.957856;,
  13.200038;47.781918;-9.305639;,
  12.723837;47.551582;-9.719302;,
  12.913912;47.013332;-9.715763;,
  13.256800;47.265350;-9.283192;,
  12.756681;46.169796;-9.129990;,
  13.109520;46.546806;-8.749693;,
  12.707926;45.891731;-7.896065;,
  13.664331;46.473969;-9.061640;,
  13.795885;47.035976;-9.542365;,
  13.859755;47.499432;-9.790263;,
  13.698549;47.987064;-9.354781;,
  13.976720;47.843025;-9.568195;,
  14.092467;47.534786;-9.228223;,
  13.988048;47.096886;-8.552910;,
  13.821501;47.540520;-8.135036;,
  13.843556;46.899731;-8.136311;,
  13.494671;47.310188;-7.461778;,
  13.539984;46.758602;-7.544053;,
  13.313808;46.811455;-7.243940;,
  13.036618;46.932014;-6.926928;,
  13.218967;47.413689;-7.143634;,
  12.755325;47.204395;-6.591242;,
  12.957012;47.565216;-6.806604;,
  12.887257;47.454662;-6.364311;,
  13.224472;47.600739;-6.565815;,
  13.573627;47.433689;-6.829660;,
  13.895830;47.330147;-7.214767;,
  14.317117;47.627045;-7.958392;,
  -8.367381;74.100159;1.124591;,
  -6.872933;70.196877;3.125325;,
  -8.394136;71.768784;1.068053;,
  -5.323129;70.053200;5.319934;,
  -5.757573;72.126534;7.076026;,
  -5.864402;74.132538;6.666847;,
  -6.557941;75.912575;5.434043;,
  -7.386450;76.944740;4.056481;,
  -8.370402;76.073235;2.248516;,
  -12.151428;54.410645;9.748729;,
  -11.377200;54.818554;9.905964;,
  -13.235243;52.565144;10.008610;,
  -11.782207;56.347363;9.097525;,
  -10.780495;56.599060;10.277244;,
  -11.169602;58.025570;8.763444;,
  -10.210243;58.180920;9.991143;,
  -10.496426;59.676735;8.739273;,
  -12.945147;49.766556;10.877410;,
  -13.587297;49.167152;11.337111;,
  -9.547603;55.320179;10.722814;,
  -10.436933;53.225937;10.924496;,
  -11.278585;51.706593;10.630199;,
  -12.133062;50.718822;10.776349;,
  -12.475609;50.533470;12.024468;,
  -14.465126;49.023972;12.081293;,
  -14.139156;51.352467;13.544117;,
  -13.460744;53.081055;13.979569;,
  -11.550415;52.238434;12.515267;,
  -15.002262;49.751183;12.758663;,
  -17.900864;48.597103;9.609966;,
  -18.145281;47.931583;9.827022;,
  -17.659126;48.146568;10.611491;,
  -17.573406;49.255157;9.566719;,
  -17.302244;49.321659;10.901478;,
  -16.213116;48.937061;12.130678;,
  -16.064623;50.298927;12.496030;,
  -15.945059;50.774967;13.288192;,
  -15.757727;51.312325;13.576150;,
  -17.766121;48.462608;9.478313;,
  -18.010540;47.797092;9.695372;,
  -17.438665;49.120663;9.435066;,
  -17.173481;50.544476;9.354876;,
  -17.388287;50.617504;10.734646;,
  -17.292009;50.195786;12.626953;,
  -17.218660;51.527866;13.135290;,
  -17.663860;51.538372;11.878195;,
  -16.978315;53.266647;13.656544;,
  -15.268867;52.821182;14.218957;,
  -14.410702;55.512711;14.592895;,
  -12.959128;54.651108;14.248127;,
  -12.979345;56.436169;14.313942;,
  -10.798973;53.707497;12.532732;,
  -10.188564;55.789734;12.714197;,
  -11.307384;56.386272;13.961124;,
  -12.032788;55.404438;14.233303;,
  -12.310712;58.551186;14.304987;,
  -14.055356;56.812740;14.529051;,
  -16.213936;56.137882;14.086264;,
  -17.794495;53.605690;12.124567;,
  -17.018642;56.472519;13.085133;,
  -15.835529;57.370087;14.125335;,
  -13.573540;58.841171;14.407856;,
  -11.917220;59.884548;13.872990;,
  -10.609661;58.614269;13.820114;,
  -9.158220;58.209778;12.675865;,
  -15.186652;59.409851;14.140159;,
  -13.066859;60.569328;14.126003;,
  -11.346319;61.736641;13.499043;,
  -8.583285;57.722961;11.399149;,
  -9.164321;59.223251;12.666657;,
  -10.569706;59.544540;13.799973;,
  -9.868153;61.739769;13.365780;,
  -10.079018;63.587605;12.954825;,
  -11.133405;64.025665;12.877363;,
  -9.719040;64.029076;12.054968;,
  -8.461985;58.639076;11.037876;,
  -8.310214;61.370106;10.902290;,
  -8.794580;61.747131;12.190284;,
  -8.836029;62.633896;12.054781;,
  -8.676747;63.067436;11.466472;,
  -9.466855;62.153145;10.370214;,
  -9.818048;63.819469;11.391365;,
  -8.823515;58.801052;10.447289;,
  -9.833714;59.373005;9.984903;,
  -9.450213;60.946705;9.966109;,
  -9.624296;61.304359;9.349353;,
  -9.336129;64.315186;11.136939;,
  -8.883631;63.199219;10.061783;,
  -9.270988;62.889076;8.747128;,
  -10.091759;62.497925;8.254972;,
  -10.656690;61.049828;8.392986;,
  -16.865505;46.901646;11.602255;,
  -17.808132;47.185394;10.453959;,
  -15.732626;47.013973;12.213924;,
  -18.010540;47.797092;9.695372;,
  -17.766121;48.462608;9.478313;,
  -15.061005;47.541565;12.017555;,
  -14.648951;48.083168;12.087709;,
  -17.438665;49.120663;9.435066;,
  -14.465126;49.023972;12.081293;,
  -17.173481;50.544476;9.354876;,
  -16.457146;50.000523;8.549973;,
  -13.587297;49.167152;11.337111;,
  9.321642;47.294994;-9.445382;,
  9.417000;48.167652;-9.299662;,
  9.585573;47.856102;-9.647440;,
  9.472241;48.573460;-9.434126;,
  9.201014;47.536667;-9.154811;,
  9.408531;47.273178;-9.074159;,
  9.682890;47.224857;-9.348424;,
  10.011956;47.688999;-9.636206;,
  -13.587297;49.167152;11.337111;,
  -16.457146;50.000523;8.549973;,
  -13.235243;52.565144;10.008610;,
  -13.679267;58.416553;8.330419;,
  -14.829873;58.243603;7.718692;,
  -14.273893;61.218033;10.440416;,
  -13.476082;55.977348;8.772753;,
  -11.782207;56.347363;9.097525;,
  -13.662272;53.845901;9.125404;,
  -12.151428;54.410645;9.748729;,
  -13.820474;52.467640;9.449320;,
  -14.589945;51.114807;8.168518;,
  -15.480287;50.813206;7.737442;,
  -11.174099;64.420700;12.256215;,
  -12.555644;64.090736;12.496657;,
  -12.620986;64.314003;11.992889;,
  -14.507106;62.550194;11.968166;,
  -14.369106;62.834328;11.382394;,
  -15.578144;60.845798;10.556952;,
  -15.204416;61.057369;10.113815;,
  -16.023615;57.562283;8.492603;,
  -13.975600;55.965714;7.493946;,
  -13.784703;53.749825;7.478161;,
  -15.769790;60.331905;11.887939;,
  -16.463882;57.345383;10.827948;,
  -16.191086;55.278812;8.497236;,
  -14.101388;53.798302;7.218581;,
  -13.921154;52.224792;7.334349;,
  -14.239117;52.284195;7.172500;,
  -16.418291;53.093452;8.735987;,
  -17.147486;56.046909;10.636034;,
  -16.613453;57.539078;13.007646;,
  -15.643049;59.883762;13.034251;,
  -17.135422;51.575333;9.073441;,
  -17.672701;53.937225;10.417082;,
  -17.582260;51.488712;10.504492;,
  -14.298741;61.464981;13.974084;,
  -12.418501;62.305099;13.592199;,
  -13.052917;63.300034;13.451842;,
  -14.459682;62.198364;12.650304;,
  -15.122860;60.940868;13.000997;,
  -11.064182;64.661270;11.604967;,
  -12.386859;63.913448;11.292662;,
  -14.069204;61.771004;10.384655;,
  -10.091759;62.497925;8.254972;,
  -10.656690;61.049828;8.392986;,
  -12.030992;62.307468;8.445700;,
  -12.697240;60.780579;8.308472;,
  -12.880116;63.905930;9.812876;,
  -13.754847;62.339462;10.224017;,
  -11.776571;65.096458;10.643720;,
  -10.454598;65.462166;11.191224;,
  -13.322175;59.273071;8.252450;,
  -10.496426;59.676735;8.739273;,
  -11.169602;58.025570;8.763444;,
  -15.195744;47.676060;12.149206;,
  -14.783693;48.217667;12.219362;,
  -16.652712;47.676308;11.864811;,
  -17.808132;47.185394;10.453959;,
  -16.865505;46.901646;11.602255;,
  -17.942875;47.319885;10.585613;,
  -17.000248;47.036137;11.733910;,
  -15.867368;47.148468;12.345577;,
  -15.061005;47.541565;12.017555;,
  -14.648951;48.083168;12.087709;,
  -15.732626;47.013973;12.213924;,
  -9.060294;72.247978;7.923029;,
  -9.005440;73.124100;7.599153;,
  -10.171122;71.876587;7.679785;,
  -10.403217;69.752090;9.045944;,
  -9.069739;70.498779;9.058193;,
  -7.424110;71.420731;8.229400;,
  -7.098436;72.040192;7.574607;,
  -7.061872;73.993706;7.338968;,
  -7.355439;76.025490;5.663898;,
  -6.687215;74.072174;6.837785;,
  -6.557941;75.912575;5.434043;,
  -7.907104;75.813515;6.090860;,
  -8.685239;74.672905;6.988227;,
  -10.150587;73.645805;7.078588;,
  -11.179811;70.887764;7.104324;,
  -11.468913;68.795364;7.848575;,
  -9.585588;75.627182;6.008715;,
  -11.033520;73.373634;6.202788;,
  -11.233132;72.350380;5.144563;,
  -11.365744;70.688522;5.794367;,
  -11.865274;68.210388;6.851460;,
  -12.016098;66.913177;7.651846;,
  -10.810469;70.832657;4.368825;,
  -11.090959;69.140747;5.173888;,
  -11.499972;66.821182;6.117348;,
  -11.736095;64.944077;7.026560;,
  -12.339949;64.641838;6.813504;,
  -9.743490;65.463821;5.972238;,
  -9.740837;63.550858;7.015521;,
  -9.959568;65.826340;6.387181;,
  -9.774902;67.173668;5.764791;,
  -9.008497;69.771667;4.799990;,
  -9.861209;70.723694;3.650839;,
  -8.475749;70.531334;4.088383;,
  -10.411711;75.312134;5.157040;,
  -10.870200;74.081207;4.257092;,
  -10.634808;71.835419;3.932019;,
  -10.023148;72.087799;2.537459;,
  -9.348415;72.231590;2.048088;,
  -7.838818;70.779434;3.664010;,
  -8.692120;76.706955;4.846472;,
  -9.635677;75.870262;3.306844;,
  -9.672244;74.073914;2.403019;,
  -9.104442;74.237350;2.000164;,
  -9.068570;76.034416;2.902971;,
  -8.135307;76.881561;4.427592;,
  -6.872933;70.196877;3.125325;,
  -8.394136;71.768784;1.068053;,
  -8.367381;74.100159;1.124591;,
  -8.370402;76.073235;2.248516;,
  -7.386450;76.944740;4.056481;,
  -5.864402;74.132538;6.666847;,
  -6.564718;72.361801;7.160344;,
  -5.757573;72.126534;7.076026;,
  -6.342163;70.534409;5.495799;,
  -5.323129;70.053200;5.319934;,
  -7.838818;70.779434;3.664010;,
  -6.938613;70.244904;5.887702;,
  -8.475749;70.531334;4.088383;,
  -7.364377;69.580284;6.514009;,
  -9.008497;69.771667;4.799990;,
  -6.872933;70.196877;3.125325;,
  -8.136325;68.115891;6.458554;,
  -7.301708;68.264679;6.248341;,
  -6.265042;70.880363;6.951697;,
  -7.703884;66.121002;7.307492;,
  -6.215497;69.386223;7.175961;,
  -11.552013;68.140350;8.319033;,
  -11.975894;68.340286;8.846313;,
  -10.402107;69.782639;9.569535;,
  -8.623192;70.506310;9.651398;,
  -6.946726;71.475784;8.783786;,
  -6.710754;69.603455;8.859646;,
  -7.111105;69.147202;8.706796;,
  -8.171043;68.547974;10.208635;,
  -10.273789;67.747581;10.776816;,
  -12.136801;66.579208;10.058683;,
  -12.753556;65.462746;9.193783;,
  -9.943554;67.137817;10.417428;,
  -11.628721;66.237511;10.139357;,
  -12.382467;65.016922;9.307436;,
  -11.938087;62.926979;8.384033;,
  -12.610974;62.936432;7.612928;,
  -12.563962;67.145355;8.016907;,
  -9.494954;63.819889;7.968675;,
  -8.689069;65.828766;10.531490;,
  -7.991436;68.155701;9.792921;,
  -8.168598;65.244377;9.335221;,
  -7.302399;67.459717;8.545052;,
  -6.846159;68.978951;7.927117;,
  -8.628475;65.159286;8.235355;,
  -9.774902;67.173668;5.764791;,
  -9.959568;65.826340;6.387181;,
  -9.743490;65.463821;5.972238;,
  -9.740837;63.550858;7.015521;,
  -9.494954;63.819889;7.968675;,
